200
220 3 5 4 3 2 4 4 4 4 4 1 4 2 1 3 1 1 3 2 3 1 3 4 1 4 1 2 1 5 5 5 2 5 1 2 1 4 5 1 2 1 3 3 1 1 2 3 5 4 5 1 2 3 2 2 5 3 5 4 5 3 4 2 5 1 3 4 3 4 2 5 5 3 4 2 2 5 3 5 5 2 2 4 4 1 2 1 4 5 4 2 1 1 5 2 1 5 1 5 4 4 4 4 3 5 1 5 4 2 5 1 5 5 2 3 5 5 2 3 5 3 3 1 3 2 2 4 2 1 4 5 1 1 3 2 4 4 4 5 2 2 1 2 5 2 1 1 3 2 4 5 3 4 4 4 5 4 4 4 4 3 2 3 1 4 1 2 5 4 1 3 3 5 1 1 4 1 1 5 3 5 2 4 4 1 2 3 2 4 5 3 5 3 5 2 5 5 2 3 143
2 220 2 5 3 3 5 3 2 3 4 5 5 5 3 4 4 5 2 2 1 4 4 5 1 4 2 1 3 3 3 3 5 3 2 1 2 1 1 4 2 3 3 5 3 5 4 2 2 1 4 3 3 1 1 4 5 5 5 3 4 3 4 5 2 3 5 1 4 3 5 4 4 3 1 4 2 4 4 5 3 5 5 1 3 5 5 1 3 2 5 5 5 1 4 5 1 4 2 4 5 4 4 2 5 5 2 2 1 2 1 4 2 2 2 3 4 5 1 1 4 2 4 4 2 4 5 3 5 4 4 2 4 4 3 2 4 5 4 1 5 1 4 4 4 4 3 1 3 4 1 2 2 4 1 3 1 5 5 2 1 1 3 4 4 1 3 4 4 2 4 3 4 4 1 2 1 3 4 3 1 2 4 2 1 5 4 3 3 5 3 4 4 1 1 5 1 2 5 3 141
2 3 220 3 1 3 3 5 1 1 2 5 3 5 3 4 4 4 2 5 4 1 5 5 3 2 4 5 2 1 4 2 3 5 2 4 1 1 3 1 3 4 1 5 3 1 2 4 1 2 5 1 5 3 5 5 4 2 4 4 3 2 5 3 3 1 3 1 5 1 3 4 1 4 5 3 2 3 1 2 4 1 4 4 5 4 2 5 4 5 2 4 3 3 5 4 1 2 4 1 4 2 1 5 5 1 3 5 3 4 3 1 1 4 1 5 5 2 1 1 1 4 2 2 5 1 2 4 3 2 1 3 5 1 5 1 3 1 2 3 1 3 2 5 2 2 5 1 3 1 4 4 1 1 1 2 2 4 1 1 5 5 4 1 3 1 2 4 5 2 4 5 1 4 1 1 1 2 4 5 1 3 4 4 4 5 3 4 2 2 1 5 1 3 2 2 4 2 4 4 296
4 4 4 220 1 5 2 5 5 2 3 2 2 2 4 3 3 3 4 5 5 5 5 1 5 4 2 1 4 4 2 2 5 2 1 5 4 5 2 4 1 5 2 3 3 1 2 1 4 1 3 2 2 1 1 1 2 2 5 2 2 5 5 5 3 2 3 2 5 3 1 4 1 4 2 4 2 3 5 5 5 4 2 1 4 4 5 1 4 2 3 1 3 2 3 5 4 3 5 2 4 2 4 1 3 3 5 1 2 1 5 2 5 2 2 1 1 5 1 3 3 2 2 3 4 4 3 1 4 2 4 4 2 3 5 2 4 2 4 3 4 5 5 4 4 3 1 2 4 1 4 3 5 1 4 1 5 5 2 2 5 5 4 3 5 5 2 5 2 2 2 3 2 4 3 5 4 2 2 5 4 2 2 4 2 5 2 5 2 4 2 3 2 1 2 2 5 4 1 2 125
4 5 1 4 220 1 5 4 1 3 5 4 5 5 4 2 5 1 3 4 4 4 3 5 2 1 4 5 1 5 5 1 2 3 4 3 5 3 5 3 4 5 1 4 3 1 1 4 4 4 1 5 3 4 5 5 1 3 5 4 4 5 2 4 1 3 1 3 2 4 4 4 3 3 1 4 2 1 5 4 4 4 4 3 2 5 2 2 2 3 1 2 3 5 1 4 3 2 3 2 1 1 3 5 1 4 1 4 5 5 3 2 3 5 4 1 3 2 2 1 2 5 4 1 4 5 4 3 1 5 5 3 1 2 4 4 1 5 2 4 1 4 4 3 1 1 5 5 2 1 3 1 2 4 3 1 1 4 1 5 1 1 2 2 2 5 4 4 4 4 1 2 3 1 4 4 2 4 3 3 1 5 1 3 3 1 4 4 3 5 3 1 5 2 2 1 2 4 5 3 125
1 4 5 2 1 220 5 5 3 2 5 2 2 3 5 3 4 5 4 5 2 4 2 4 4 2 5 3 3 2 5 1 5 4 3 1 5 3 2 5 5 2 5 4 2 3 1 1 2 1 1 4 1 4 3 4 4 3 1 3 5 5 3 3 4 1 2 1 1 1 1 4 5 2 1 4 1 4 5 3 1 1 2 4 4 2 3 1 5 5 5 5 4 3 2 1 2 1 4 5 1 2 1 4 3 4 4 2 1 4 4 5 2 1 5 1 1 1 1 3 1 1 1 1 4 1 2 4 4 2 5 3 1 3 3 5 4 2 3 4 4 2 4 4 2 4 4 3 3 5 5 3 4 2 3 3 3 2 1 2 5 1 2 1 4 5 4 2 4 2 5 3 1 2 4 3 4 3 1 3 4 4 5 5 2 3 4 3 3 1 3 3 1 1 1 3 4 5 4 1 215
2 1 2 2 2 4 220 2 2 2 5 4 1 4 2 1 2 4 2 5 3 4 4 3 2 2 1 5 5 5 1 3 4 4 2 3 1 3 5 5 5 5 2 1 3 5 3 4 2 1 2 3 1 3 3 1 4 1 5 5 1 4 1 1 5 3 4 1 4 4 3 2 4 2 2 5 4 1 2 3 2 5 1 5 1 4 5 3 2 4 5 4 1 3 5 5 3 3 1 1 1 4 1 5 2 5 5 3 3 1 5 5 4 4 5 1 2 3 1 4 4 4 4 4 4 1 4 4 5 1 3 3 2 3 2 3 5 5 5 5 4 1 4 5 2 4 2 4 4 2 3 5 1 1 2 5 1 5 1 5 5 4 3 1 3 4 5 1 3 3 1 2 2 4 5 1 4 4 1 3 2 3 5 4 4 4 1 4 3 5 5 1 3 2 3 1 4 2 3 1 137
2 2 2 3 4 2 5 220 3 5 2 4 2 3 3 3 2 1 1 2 5 2 1 2 1 1 2 1 3 5 3 1 5 1 1 4 5 1 3 5 5 1 3 4 2 5 5 1 3 1 3 1 1 4 5 1 1 1 3 3 4 2 3 2 4 1 5 2 1 1 2 1 4 1 5 2 3 5 1 2 5 3 2 3 1 5 2 3 4 1 3 3 5 5 4 2 2 2 1 4 4 5 2 5 1 1 5 5 4 1 3 4 4 3 1 1 5 4 4 1 2 3 5 1 3 1 5 3 4 3 4 4 4 3 2 1 3 5 3 5 4 3 5 3 1 5 5 4 2 2 2 5 5 5 2 5 5 3 2 3 1 3 2 3 2 4 2 3 4 3 3 4 5 2 2 3 4 4 5 1 5 2 4 2 1 4 4 5 2 3 3 2 2 5 3 1 3 5 2 4 159
5 5 5 1 1 5 3 5 220 2 5 5 4 5 3 1 3 1 4 1 3 4 5 5 4 3 5 5 1 1 4 4 5 1 5 3 5 1 5 2 5 3 5 4 4 4 1 4 5 3 5 3 5 4 3 1 3 1 5 4 1 1 3 3 4 1 4 2 3 3 5 5 5 5 5 1 4 4 3 3 1 2 4 4 3 1 5 3 4 5 5 3 5 3 1 5 5 4 5 5 3 2 1 2 4 1 4 1 4 1 5 4 5 3 3 4 1 3 5 2 5 1 1 1 2 4 4 1 3 4 3 5 3 5 4 2 3 1 3 1 1 4 4 5 5 1 4 3 3 4 2 4 4 1 1 1 5 4 1 5 5 5 3 3 5 3 5 3 3 5 5 4 4 1 3 2 1 4 4 2 5 3 2 5 1 3 4 5 5 4 3 3 3 2 5 4 3 1 1 3 283
4 1 3 2 2 3 3 4 1 220 3 2 2 2 5 1 2 2 5 1 3 2 3 5 5 5 5 5 4 5 1 1 5 2 1 5 5 2 3 3 2 5 5 4 2 1 4 5 3 4 3 5 5 3 2 3 1 1 1 3 3 4 2 1 3 5 4 3 3 4 4 1 4 4 3 3 2 1 1 5 3 3 5 4 1 2 1 5 2 3 4 1 3 2 5 3 1 2 2 5 1 3 1 3 1 2 2 2 4 3 2 1 4 1 5 1 4 5 4 3 3 3 3 2 5 4 3 2 5 4 4 1 3 1 1 1 2 1 2 1 2 2 2 1 1 5 3 4 4 5 5 4 1 2 3 4 4 5 5 3 3 1 1 2 1 3 1 1 3 5 4 4 2 2 5 5 4 5 2 3 4 1 5 5 3 3 4 1 4 1 4 4 3 2 4 5 2 5 1 1 116
1 3 4 1 1 5 5 1 5 3 220 5 4 1 3 2 3 1 3 2 2 5 2 3 2 3 2 5 2 1 3 3 1 3 2 3 2 1 1 1 1 2 1 2 2 3 1 5 4 5 1 5 5 3 2 1 2 5 1 4 4 2 4 3 3 1 5 3 5 1 2 5 3 2 1 1 1 1 1 4 2 1 1 2 2 4 3 2 5 2 1 3 4 5 2 4 4 3 1 4 2 1 1 1 3 1 2 4 2 2 1 4 5 5 3 2 3 5 5 2 3 3 5 4 2 5 4 1 5 3 1 3 1 4 4 5 5 4 1 1 4 2 4 1 3 3 2 3 1 5 2 4 5 3 1 2 4 1 4 5 5 5 4 5 2 1 3 3 3 5 3 3 3 2 2 4 3 3 2 2 5 5 5 2 4 1 1 3 5 1 1 3 3 1 3 2 2 4 2 2 155
1 3 2 2 5 2 5 3 3 5 2 220 2 1 1 1 5 1 1 1 1 2 5 4 2 2 4 3 1 4 2 1 2 3 5 3 3 3 3 2 2 2 5 4 4 5 1 2 3 1 4 1 3 3 1 2 4 3 2 5 3 1 4 2 2 1 4 5 4 2 5 5 3 3 3 3 5 3 5 1 2 2 2 5 1 3 4 3 3 4 3 2 1 4 4 4 5 4 2 5 1 4 3 1 3 1 5 1 1 4 2 2 3 1 3 2 3 3 2 2 2 4 4 1 2 5 2 2 5 1 4 2 5 4 5 5 3 1 3 2 4 4 4 3 5 5 4 3 4 2 2 2 1 4 3 3 1 1 2 4 3 4 4 2 5 5 5 3 5 4 2 4 5 4 5 1 4 2 2 4 1 5 1 3 2 4 2 1 3 2 2 1 3 5 1 3 3 2 3 2 293
5 4 1 5 4 3 1 2 5 4 4 4 220 4 4 4 5 1 1 1 5 1 1 4 2 3 2 1 2 1 1 4 1 3 1 3 3 5 3 3 3 1 1 1 2 2 1 3 3 3 4 5 3 5 5 1 2 1 3 5 3 4 5 4 5 5 5 4 1 2 4 2 5 3 2 1 2 5 4 3 4 2 4 2 3 1 2 1 1 4 1 3 3 3 1 5 2 5 4 5 1 2 1 4 2 4 2 2 5 4 5 2 4 4 3 3 5 1 1 1 5 5 5 4 2 4 1 1 5 5 1 1 5 3 1 1 2 2 5 5 1 2 4 4 2 2 2 4 5 1 4 5 1 4 2 1 4 4 5 3 4 4 2 4 5 4 4 2 4 1 3 1 3 5 3 5 4 4 5 3 4 5 5 2 4 4 4 1 4 5 4 2 2 1 4 2 4 1 3 2 184
2 2 1 2 1 5 3 5 2 5 1 2 3 220 5 3 2 1 3 5 1 1 2 4 3 4 1 1 2 1 1 4 4 3 5 4 3 3 3 1 3 2 2 4 5 2 3 1 3 1 3 2 1 3 2 4 2 1 2 5 3 2 4 4 3 3 1 2 4 4 2 5 2 1 3 5 3 3 1 3 1 3 2 5 5 4 5 5 1 2 2 2 1 5 2 1 1 1 4 2 3 4 2 1 2 1 2 3 4 5 2 4 5 3 3 5 1 3 5 1 4 4 5 5 5 1 3 4 3 3 5 2 5 3 5 2 3 5 2 1 4 2 3 5 1 3 4 3 5 5 2 3 1 5 3 4 5 2 5 5 5 3 5 5 1 4 3 5 1 5 5 4 4 3 2 2 2 3 2 2 2 1 3 5 4 5 1 5 2 3 1 1 3 2 3 5 1 1 3 5 186
5 5 3 3 1 5 3 5 1 3 1 3 3 4 220 5 2 4 5 4 1 3 4 4 3 3 1 4 1 4 1 5 4 3 1 5 3 1 1 5 3 3 1 1 4 3 1 5 2 2 5 4 5 4 5 4 1 3 3 2 1 1 5 5 3 1 2 4 5 3 1 5 3 1 5 3 3 1 1 5 1 3 3 3 1 2 1 5 5 5 2 5 5 1 4 4 1 1 4 4 1 2 5 3 5 1 4 3 4 4 5 4 5 3 2 5 2 2 5 5 2 5 2 4 2 4 3 3 4 2 1 2 1 1 2 3 5 4 2 3 4 5 3 5 4 5 5 2 3 4 1 5 3 2 3 5 1 1 5 2 2 3 4 3 2 2 1 1 4 4 1 5 2 4 4 3 1 1 3 2 3 2 3 2 5 1 2 5 4 4 4 4 2 1 5 1 3 5 2 3 240
1 5 3 5 2 1 3 4 3 1 1 1 2 4 4 220 1 4 2 3 5 4 5 2 3 5 1 5 1 2 2 3 2 5 1 3 4 5 3 1 2 3 2 5 4 2 1 5 3 2 3 3 5 4 3 1 3 4 3 3 4 1 5 5 3 5 4 2 5 2 2 5 3 4 4 3 5 1 4 5 1 2 4 4 5 2 2 4 2 4 3 4 5 1 1 2 4 3 1 2 3 3 5 5 3 5 3 3 3 2 1 5 1 2 5 3 2 3 4 5 1 3 3 1 3 1 2 4 3 5 4 1 4 3 1 4 4 5 3 3 4 3 2 3 3 3 2 5 2 5 3 4 4 1 4 4 1 4 4 1 3 2 1 2 5 1 5 1 4 4 1 5 3 5 2 5 1 1 4 4 3 2 1 1 1 5 5 1 3 3 1 2 3 3 1 4 2 2 5 1 147
5 1 3 4 4 5 4 2 2 4 2 4 2 3 2 3 220 5 2 2 2 3 4 1 3 1 4 4 1 5 5 4 3 5 4 2 5 2 1 4 3 3 2 5 3 3 3 3 3 5 3 4 2 3 4 3 2 2 2 5 2 3 2 3 4 4 5 3 5 2 1 4 3 4 5 4 4 2 3 2 2 5 4 3 2 1 3 3 5 4 3 1 1 5 1 5 4 4 4 3 1 4 2 4 5 5 1 2 2 1 3 3 2 5 2 2 4 3 2 2 5 3 3 1 1 5 2 3 3 3 2 2 3 2 4 4 1 3 2 5 4 5 1 2 4 2 3 1 5 1 5 1 2 3 2 3 2 1 3 2 4 4 5 1 2 2 3 4 5 3 1 4 4 1 1 1 3 1 1 2 1 4 1 5 5 1 5 4 3 1 3 4 2 2 1 1 5 4 4 5 121
2 1 3 2 5 4 2 1 1 2 5 5 5 2 1 5 4 220 1 5 5 3 3 4 4 1 2 3 1 4 3 5 2 1 2 3 4 5 3 4 1 4 3 2 3 2 1 2 3 4 2 3 2 5 3 3 3 1 3 5 1 5 1 4 5 4 3 1 1 1 4 1 1 4 2 4 3 3 3 1 1 2 5 2 2 3 2 2 3 1 3 4 4 4 5 5 2 3 4 1 1 1 2 1 2 1 2 2 2 4 2 5 2 3 3 1 5 2 1 4 2 1 1 2 1 4 1 2 2 2 3 2 3 4 5 1 4 3 2 1 3 2 4 5 4 3 1 1 5 5 4 4 5 4 1 5 1 1 1 3 5 1 5 4 1 1 5 3 3 1 4 1 1 1 4 4 3 2 1 4 3 4 4 1 5 4 5 1 1 4 5 4 5 2 2 1 5 5 5 5 215
4 1 5 1 2 4 1 5 2 1 2 5 3 5 3 5 4 4 220 4 2 1 3 5 1 4 4 5 3 5 3 4 5 2 2 1 3 5 4 1 4 2 1 3 1 5 5 4 5 4 4 5 4 4 4 1 1 4 5 1 4 2 3 1 5 4 3 3 2 5 3 3 2 4 5 4 1 1 2 3 2 4 1 1 2 3 2 1 1 1 1 1 4 5 5 5 1 1 1 5 2 1 5 2 4 5 4 2 1 4 2 4 5 1 5 1 2 1 5 5 1 4 1 5 1 3 4 4 2 1 4 3 4 3 5 2 3 4 5 3 1 2 2 5 1 3 2 5 2 4 4 3 3 1 4 2 4 4 5 3 5 3 2 1 3 5 5 2 4 4 4 2 5 3 4 2 4 3 3 5 1 4 3 5 2 5 1 2 4 1 1 3 5 4 3 3 4 4 5 5 184
4 2 2 4 4 1 5 4 5 2 4 1 1 2 4 3 1 5 4 220 1 1 1 3 1 4 5 1 3 4 4 4 1 5 4 2 4 5 5 1 2 1 4 1 4 2 1 1 4 5 5 2 2 3 3 1 3 5 2 1 3 3 2 4 1 5 1 5 3 1 3 4 4 2 1 5 3 2 1 4 1 4 2 2 5 1 2 5 5 3 5 4 4 5 2 4 4 2 1 2 2 1 3 1 3 2 5 1 3 3 2 3 3 3 4 1 3 2 3 4 1 4 4 5 2 3 5 3 2 1 2 3 1 1 1 5 1 2 1 4 5 5 4 2 1 3 2 4 5 4 4 4 4 1 4 2 1 4 2 2 3 1 2 5 2 3 2 4 1 4 5 2 3 5 2 5 1 4 5 2 2 1 2 1 2 1 1 4 2 3 3 1 4 5 3 3 4 2 5 3 196
2 4 2 5 2 5 4 1 1 3 1 5 2 2 3 5 2 2 5 2 220 4 4 3 2 3 4 1 4 2 1 4 1 5 2 4 2 1 4 3 5 5 4 1 1 3 5 4 5 3 3 4 5 5 4 5 5 3 3 1 5 2 1 4 2 4 1 2 5 5 1 4 4 1 2 2 2 4 1 5 1 5 4 5 5 2 1 5 5 2 4 1 1 2 3 2 3 1 5 1 1 1 2 4 1 2 4 1 1 2 4 4 2 2 4 4 5 2 3 3 4 5 5 3 5 4 3 5 5 4 4 2 1 1 4 4 5 1 1 1 1 5 4 1 1 2 1 5 3 1 4 2 3 2 3 5 1 4 2 5 2 1 5 5 1 2 2 3 2 5 2 3 1 2 5 5 2 5 1 3 4 4 4 2 3 2 2 1 2 3 5 4 4 1 2 1 1 4 1 5 119
2 3 2 5 1 5 5 2 4 3 4 4 1 3 2 2 3 1 5 3 1 220 4 5 2 5 5 2 1 5 1 3 2 2 2 4 3 5 5 5 5 5 2 1 2 2 2 4 4 1 2 1 2 2 5 4 3 4 1 3 1 2 3 4 1 4 5 3 4 3 4 2 3 1 4 1 1 3 3 3 5 3 1 4 2 1 4 4 1 2 3 1 5 3 2 2 4 1 5 1 1 5 1 4 1 2 3 1 4 2 5 3 2 1 4 1 4 2 1 5 5 1 2 2 3 5 2 4 3 5 4 1 3 1 1 1 2 5 4 2 3 5 3 4 3 5 4 5 4 2 4 1 1 1 4 2 2 2 4 5 4 4 2 4 1 5 1 1 2 5 5 3 4 4 4 3 5 5 4 2 5 4 3 2 1 1 1 4 4 3 3 1 5 5 3 3 3 2 5 1 127
3 4 4 5 2 4 4 2 3 3 5 4 1 5 4 4 4 4 3 5 1 4 220 4 2 4 3 4 1 1 1 1 4 1 2 5 4 3 4 1 5 2 4 1 2 2 2 3 5 2 5 3 1 3 1 4 4 1 1 5 4 2 2 1 3 5 3 2 1 3 3 1 4 5 3 1 3 5 5 2 1 2 5 3 1 2 2 4 1 5 4 3 4 2 1 3 2 4 2 1 2 3 4 5 1 1 5 1 4 3 2 3 3 5 5 5 5 1 4 3 1 2 2 2 3 2 1 3 4 3 1 1 1 5 4 2 2 1 2 3 3 3 2 4 2 4 2 5 4 4 5 5 2 1 2 1 5 2 2 2 5 5 1 4 3 2 2 3 5 4 3 4 5 2 1 1 4 2 1 2 1 1 1 5 2 5 1 3 3 5 5 4 5 2 2 4 4 4 1 2 130
1 5 4 1 3 2 2 3 2 5 3 2 4 2 5 2 4 4 1 1 5 1 2 220 5 3 2 3 3 5 3 2 1 4 2 4 3 5 1 3 4 1 4 1 1 3 1 4 4 3 1 2 2 2 3 1 2 1 1 5 2 2 4 1 5 1 5 2 2 4 2 3 3 4 5 5 3 5 2 1 3 1 4 3 1 5 4 5 4 4 2 4 1 2 3 1 1 4 5 3 1 5 3 1 3 4 3 2 5 4 5 3 1 2 3 1 4 4 3 3 1 1 2 3 2 3 4 2 1 3 3 1 1 4 5 1 3 1 3 5 2 4 2 1 5 2 3 5 3 4 1 3 3 1 3 1 1 4 5 1 1 5 5 3 1 3 4 5 4 4 3 5 5 1 3 5 1 4 1 5 2 4 5 2 1 2 2 2 5 3 5 1 4 2 2 4 4 2 3 1 167
1 4 1 5 3 2 5 1 2 5 5 1 2 4 1 3 2 5 4 3 1 5 1 1 220 1 1 4 2 1 4 4 1 5 1 5 3 5 4 5 3 3 2 4 5 2 3 3 2 2 1 1 2 3 4 4 2 1 4 2 3 2 5 5 3 4 1 1 5 2 1 2 4 4 1 5 5 2 4 4 3 2 5 1 3 4 2 4 2 4 2 2 4 3 1 2 5 2 1 4 2 3 1 5 3 5 1 1 5 2 2 5 3 1 5 4 1 5 4 1 4 5 5 1 5 3 1 3 1 2 3 2 4 5 3 5 3 4 1 5 1 2 2 5 1 3 2 2 1 1 5 4 5 4 5 5 3 1 1 4 5 2 5 3 2 1 5 2 4 1 4 3 2 4 3 3 5 4 4 4 5 5 3 5 3 1 2 4 5 3 4 1 1 5 1 5 1 5 2 2 177
3 5 1 2 1 3 5 5 4 2 2 1 4 1 4 4 4 5 2 1 1 5 5 2 4 220 5 3 3 4 4 1 4 2 4 2 2 4 4 4 4 5 2 5 4 2 2 5 2 5 2 4 1 5 1 3 2 4 4 1 1 3 4 1 3 1 1 1 4 3 3 3 2 2 1 4 5 1 4 3 2 3 1 2 1 2 5 4 1 4 2 2 2 3 3 2 3 3 2 1 5 1 4 3 3 4 5 3 5 5 1 4 3 4 2 2 1 5 5 5 3 3 3 5 2 3 4 2 4 5 4 5 3 5 4 3 3 3 4 2 4 1 2 1 1 5 4 1 4 1 3 5 3 4 1 4 1 4 5 1 3 1 3 4 2 2 3 4 2 5 5 1 1 3 4 3 2 1 3 3 4 2 3 4 4 5 5 3 2 3 2 2 3 4 2 5 5 1 3 2 291
1 2 2 3 1 5 1 2 1 4 4 5 5 3 1 3 1 1 4 3 5 1 2 2 4 2 220 2 4 2 2 5 3 3 2 3 5 3 3 1 4 4 2 2 3 4 1 2 2 4 3 5 4 1 3 3 1 5 4 1 4 3 2 3 4 4 3 5 3 5 5 3 5 3 3 1 2 3 1 3 4 1 3 4 4 4 2 2 5 5 4 2 1 3 1 3 1 2 2 5 2 5 3 1 4 4 1 5 2 4 2 5 3 3 4 4 3 1 1 5 3 3 2 2 1 3 3 1 2 3 4 1 2 3 1 5 4 1 5 5 2 5 4 5 4 1 3 3 2 2 1 3 5 2 5 5 1 5 5 1 4 2 5 2 1 1 1 5 3 2 2 4 4 1 5 4 3 2 5 5 3 1 1 2 2 3 2 2 4 3 2 5 3 1 4 4 3 2 2 2 142
1 1 5 4 3 2 4 2 4 2 1 3 2 3 4 1 1 4 5 5 5 2 3 2 5 3 1 220 2 5 3 3 1 1 1 2 3 2 5 5 2 5 2 5 1 2 2 5 3 2 3 5 4 2 1 5 4 4 4 1 3 3 4 3 3 1 5 1 5 1 3 1 4 4 1 5 4 1 2 1 2 5 2 1 3 2 4 4 2 5 4 4 4 1 5 4 3 3 5 4 3 2 5 3 5 3 4 4 4 5 2 4 5 4 5 5 2 2 5 3 1 3 3 5 5 5 3 5 4 5 2 4 1 3 2 3 1 3 4 2 2 3 4 5 4 2 5 4 1 5 2 5 2 1 4 5 2 4 1 5 4 1 5 4 4 5 1 3 3 5 5 4 3 2 1 5 4 3 4 4 1 1 3 1 2 2 1 1 2 5 4 1 5 2 5 5 5 2 1 3 288
1 3 5 5 3 5 3 3 5 1 4 3 5 5 3 1 3 5 2 5 5 1 2 5 5 3 3 3 220 1 3 2 5 2 3 3 5 2 5 4 1 5 2 5 2 2 2 3 3 5 5 5 5 4 4 2 5 3 2 4 1 3 4 5 4 3 3 4 1 1 1 5 4 4 2 1 3 2 3 4 4 4 2 2 1 2 3 5 4 4 2 1 1 5 2 3 2 1 3 3 2 5 2 5 1 2 2 3 3 2 1 5 2 3 2 5 2 5 5 5 5 2 1 3 1 1 5 5 3 4 5 4 3 1 3 5 4 3 1 3 5 1 5 2 4 5 2 4 2 3 4 2 5 1 5 1 3 4 5 5 4 1 4 3 5 1 3 4 4 3 1 5 2 1 2 4 2 1 1 1 5 3 4 5 5 3 1 4 2 2 4 1 2 1 4 3 2 4 2 1 169
2 2 5 5 2 4 3 2 2 3 3 5 5 3 5 5 1 2 1 2 5 2 1 5 5 2 1 4 1 220 2 3 5 3 1 1 2 4 4 4 4 4 2 5 1 3 2 1 3 3 3 5 3 3 5 3 3 5 3 4 4 1 1 5 3 5 4 3 4 2 2 1 1 2 1 5 1 1 1 3 1 5 2 2 5 1 5 2 3 2 4 2 4 1 1 2 4 3 1 3 2 1 3 1 2 3 4 1 1 3 1 5 5 2 4 3 2 2 1 2 1 5 5 4 2 1 1 3 1 5 1 2 3 2 1 3 2 3 2 3 1 4 2 2 2 4 3 3 5 5 3 1 5 2 5 2 3 2 5 2 2 4 2 4 3 5 5 4 1 5 4 5 5 5 3 5 5 2 3 2 4 4 4 1 2 5 4 2 1 5 2 2 4 3 2 2 3 5 4 3 288
4 2 5 5 3 2 3 2 4 5 1 1 1 2 2 3 1 1 4 1 5 5 5 3 1 1 1 5 1 4 220 2 2 1 4 2 4 1 3 5 5 4 1 2 1 1 4 2 5 3 5 3 4 4 2 1 4 2 4 4 4 2 5 2 1 4 2 5 3 3 2 5 4 4 4 4 3 2 5 1 5 3 4 1 5 4 2 2 1 3 1 3 3 3 1 3 1 2 2 3 3 2 4 4 1 2 3 4 4 5 4 2 4 5 5 4 2 3 4 3 3 2 1 1 5 2 5 2 5 4 4 5 3 5 2 3 2 1 4 5 5 1 2 4 2 3 5 4 1 1 4 1 1 5 1 1 5 4 4 4 4 5 2 4 2 2 4 5 2 5 3 2 5 5 1 4 1 1 1 1 3 4 4 4 3 2 3 5 1 4 3 4 5 4 3 4 4 4 3 5 191
2 3 3 1 5 2 3 5 4 3 1 5 2 1 2 4 3 4 5 2 3 4 1 4 2 3 2 3 5 1 1 220 1 5 2 1 4 2 5 4 4 4 5 4 3 4 2 2 5 1 5 5 2 1 5 1 3 2 3 1 2 2 5 2 3 4 1 2 5 2 5 1 2 4 2 1 3 2 5 4 1 4 4 4 2 2 4 4 3 5 5 2 2 1 1 4 4 1 5 2 4 1 5 5 4 3 1 1 4 5 5 3 5 3 2 3 5 1 1 5 5 4 2 3 2 5 3 4 4 4 1 1 3 3 3 1 1 2 5 4 2 3 2 4 5 3 4 2 1 3 1 2 1 1 5 1 2 4 4 1 4 4 5 5 3 4 5 1 4 1 5 2 5 5 3 1 3 4 5 5 5 2 1 3 3 2 1 1 3 4 4 3 1 5 4 1 4 2 4 5 246
5 1 1 2 2 3 4 1 3 3 3 3 2 2 1 2 3 2 2 4 1 4 5 2 1 4 2 4 4 1 5 4 220 4 3 3 2 2 5 3 5 5 1 4 4 1 4 4 5 4 2 3 1 2 5 3 5 1 4 4 5 4 1 2 1 1 2 5 4 1 5 3 5 4 1 2 4 4 5 2 3 1 1 3 2 5 4 3 5 3 1 1 2 2 5 2 3 2 4 4 3 2 1 1 5 1 3 3 2 4 5 5 3 3 2 5 1 3 3 2 5 4 2 1 4 5 2 3 2 2 2 5 4 4 3 4 1 3 2 1 1 3 4 3 5 2 4 2 3 5 5 2 1 1 4 2 1 1 5 4 3 1 4 4 5 4 5 2 4 2 1 3 3 5 4 4 1 1 3 1 5 3 2 3 2 3 1 3 2 4 2 5 3 4 1 3 1 3 1 2 294
1 1 1 4 5 4 3 3 1 4 1 1 3 4 2 5 5 2 1 4 3 5 2 5 2 1 2 1 3 2 2 4 5 220 4 4 4 1 3 2 1 2 1 3 3 4 1 3 5 1 2 5 1 2 4 3 2 5 5 2 3 2 3 2 1 1 3 2 5 3 1 5 3 4 1 5 1 2 5 2 5 3 2 2 1 2 3 5 1 1 5 2 4 4 3 3 3 1 2 2 5 1 5 2 4 3 5 3 4 3 5 5 3 4 5 4 5 2 4 2 3 3 2 4 4 1 4 4 1 1 2 1 2 5 1 3 2 2 1 5 5 1 2 3 4 1 2 5 3 2 3 1 2 4 5 5 4 1 3 4 5 3 5 3 2 4 5 2 2 5 5 4 5 2 3 3 5 5 2 3 4 5 4 3 5 4 4 2 2 5 4 2 1 2 2 4 2 4 3 3 296
2 4 2 4 5 2 5 1 3 3 5 2 4 1 4 5 2 5 3 3 1 1 5 1 3 5 4 2 4 1 4 1 2 1 220 5 2 3 5 2 4 5 3 2 4 3 4 2 1 5 4 3 2 5 2 2 4 1 4 4 5 1 2 3 2 2 5 5 4 3 4 2 4 3 2 3 5 1 3 1 4 4 1 3 1 3 1 3 1 3 2 5 1 2 4 5 4 2 3 2 1 5 5 2 2 1 1 4 1 4 2 3 5 1 5 2 5 2 1 1 5 2 3 5 2 5 5 5 4 5 1 3 4 1 4 2 1 1 5 5 2 2 5 2 4 2 5 3 4 4 2 2 4 4 1 5 3 4 5 4 2 4 5 2 2 3 2 3 2 2 4 3 1 4 4 4 1 5 3 2 5 4 4 5 1 3 4 4 1 4 4 5 1 1 3 4 5 4 5 3 222
5 5 2 4 5 1 3 1 3 1 2 2 5 5 1 1 1 4 5 3 2 2 2 5 3 5 2 3 1 4 3 1 2 3 5 220 4 5 5 2 3 3 1 2 4 5 5 5 2 5 4 4 3 3 5 1 4 4 1 4 1 3 3 4 3 4 4 2 1 1 1 4 5 1 5 4 1 1 2 1 2 2 2 1 2 4 5 2 4 4 5 3 3 3 1 3 5 2 5 4 2 2 2 3 4 4 5 5 5 4 1 2 5 2 4 5 3 1 1 1 1 1 1 5 3 5 3 2 4 3 2 5 4 4 2 4 1 5 1 1 2 5 3 1 3 4 4 1 2 2 1 1 5 1 5 2 3 5 2 3 2 2 2 1 5 3 2 5 5 3 3 2 4 1 4 2 1 1 4 3 4 2 1 5 4 5 3 3 1 1 5 3 5 4 3 5 1 2 5 3 202
3 5 3 1 4 1 5 1 2 2 1 3 3 5 1 1 4 2 1 5 2 3 2 3 2 4 4 3 4 1 3 5 4 4 4 4 220 2 1 5 3 1 2 4 5 3 4 2 2 3 2 4 3 1 1 5 3 2 2 4 3 2 4 1 2 4 2 3 4 4 1 4 1 3 2 4 4 5 3 4 5 5 3 3 5 3 2 3 4 2 3 1 2 1 2 2 1 5 4 4 4 1 3 1 4 3 5 5 3 4 1 3 3 5 1 4 2 5 3 1 1 4 5 3 2 3 2 2 4 5 3 4 2 4 5 3 4 5 2 2 2 5 1 4 3 1 1 4 1 2 1 5 4 1 4 5 5 2 5 4 2 5 4 3 4 2 5 5 5 4 2 3 3 4 3 1 3 1 1 1 3 5 5 3 5 5 3 5 2 5 5 1 5 4 1 2 4 3 4 5 267
5 1 1 4 5 3 4 3 1 2 1 2 3 3 2 4 2 3 5 3 1 5 5 4 2 4 3 1 2 1 3 3 4 4 2 2 1 220 3 4 2 4 1 1 5 5 3 1 1 1 2 4 2 3 4 2 1 4 1 3 5 3 1 1 3 2 5 2 4 2 5 5 4 2 5 5 5 3 4 3 3 5 1 2 5 2 5 2 2 3 4 3 5 2 2 3 1 4 4 4 2 1 5 5 5 4 1 5 3 2 1 5 4 1 5 2 1 3 5 4 1 5 2 3 4 1 3 5 4 3 4 4 5 5 4 3 5 3 3 4 5 1 5 2 5 5 1 1 2 1 4 4 2 5 3 1 3 2 1 4 2 3 2 3 2 2 4 3 1 5 3 5 2 5 1 2 1 3 4 5 5 1 1 4 3 1 2 2 3 4 5 1 3 4 2 4 4 1 4 2 181
5 3 1 5 4 5 5 4 4 1 5 4 2 3 1 2 2 1 4 1 4 4 3 1 3 3 4 2 2 2 3 2 4 2 4 4 3 4 220 5 3 4 3 1 3 3 2 3 1 1 3 1 1 5 1 3 2 4 2 4 1 3 5 4 3 4 3 1 2 5 2 3 3 2 3 3 4 4 1 5 1 1 3 1 3 1 4 4 3 5 1 2 3 4 1 2 5 2 3 3 1 5 4 4 3 5 2 4 4 1 2 5 3 3 1 1 2 5 5 3 1 5 5 4 5 2 1 4 4 2 3 4 3 5 5 5 2 1 4 5 1 5 5 3 3 1 3 5 5 2 5 4 1 4 1 4 3 1 1 2 3 3 5 2 1 5 4 4 4 5 1 2 3 5 5 3 4 2 3 5 5 4 4 2 1 5 2 1 3 3 3 5 4 5 3 5 1 1 5 1 206
3 3 4 3 2 1 4 5 4 2 2 1 1 1 2 4 2 2 3 4 4 4 1 1 3 3 4 5 2 3 4 1 4 3 2 2 2 4 3 220 4 4 4 1 4 1 5 4 1 2 4 1 2 2 3 4 4 2 1 4 4 2 1 3 5 5 5 5 4 1 4 3 4 1 3 4 2 2 5 4 4 2 2 5 2 1 3 4 5 5 5 1 5 1 1 5 1 3 4 5 4 1 4 4 4 1 4 5 2 1 5 3 5 1 2 5 2 1 3 2 1 5 4 3 3 3 5 3 1 1 2 4 3 1 4 1 3 4 5 4 1 1 1 1 3 4 2 5 2 5 4 3 1 3 3 4 1 5 5 1 5 1 2 5 4 1 3 3 5 2 1 2 1 1 5 4 5 3 3 5 2 4 2 5 2 3 4 3 2 5 1 2 5 1 3 3 2 4 2 1 297
3 4 5 4 3 5 1 2 4 1 4 2 1 5 3 5 5 4 5 2 1 2 5 2 1 5 3 4 1 5 5 2 5 4 4 5 5 2 1 5 220 2 5 1 5 5 3 4 1 5 1 1 4 5 4 4 3 5 4 3 2 4 5 2 4 1 4 4 1 3 4 2 3 4 5 5 3 2 2 3 4 5 5 2 2 3 5 3 3 5 4 4 2 3 3 3 3 5 2 3 4 4 5 1 5 5 5 4 4 5 5 2 2 1 2 3 2 4 1 5 2 5 4 5 2 1 4 4 2 4 4 3 2 2 1 3 2 2 4 3 1 2 4 2 1 2 3 3 2 2 5 5 4 3 5 1 3 1 5 4 2 2 5 1 4 5 1 5 1 4 4 2 5 5 1 2 4 1 5 1 4 2 1 1 4 5 2 4 4 1 1 1 4 5 4 3 1 3 1 5 165
4 2 3 2 2 1 4 2 2 5 1 4 4 2 5 2 4 4 5 5 1 1 4 3 4 4 3 4 4 1 3 4 3 5 4 5 2 5 5 3 3 220 5 2 2 1 1 1 5 5 3 2 5 2 4 2 4 5 5 1 1 2 5 1 5 5 1 3 4 1 3 3 4 2 4 2 5 4 1 3 2 2 2 4 1 2 1 5 1 4 2 5 5 5 2 5 3 3 5 1 4 4 1 1 5 1 3 1 5 4 4 3 2 1 5 2 1 4 5 2 5 5 5 2 1 4 2 5 1 1 4 4 1 1 5 4 5 3 2 4 3 1 2 3 3 4 5 3 4 5 3 4 3 4 2 1 2 1 3 3 1 5 3 2 2 1 4 1 5 5 1 2 5 3 2 4 1 3 5 1 4 4 3 1 2 2 5 5 1 3 3 1 1 2 5 2 4 5 3 3 152
5 2 3 1 5 1 3 4 2 3 5 5 1 3 5 4 5 5 2 1 5 5 2 3 4 3 1 5 3 5 1 5 5 1 3 4 3 3 3 1 5 4 220 1 1 2 5 1 4 3 2 2 5 2 3 1 5 2 4 5 4 4 1 5 5 3 5 2 5 2 3 4 5 4 5 4 2 3 5 4 2 3 4 5 2 3 4 2 3 1 2 2 1 4 1 1 3 1 3 2 2 3 4 3 3 3 2 4 4 5 5 2 5 5 3 2 2 3 1 5 1 2 4 4 3 5 3 3 3 2 1 5 4 1 4 2 2 2 3 2 3 1 3 2 5 5 5 1 4 5 1 4 1 4 2 1 2 1 2 1 1 5 2 1 4 1 3 2 4 3 1 4 3 3 4 2 5 1 3 3 1 3 1 5 4 4 4 3 4 5 3 5 5 1 5 1 5 5 1 2 259
3 4 2 4 3 2 3 2 3 1 1 1 5 5 4 3 3 5 2 2 2 4 3 2 2 2 2 4 5 3 5 2 5 4 1 5 2 5 2 1 4 2 4 220 4 2 4 1 3 1 2 4 5 5 3 1 4 3 3 1 3 5 3 1 2 1 5 1 2 1 5 2 5 4 5 1 1 1 1 2 1 2 3 5 4 4 2 5 2 2 4 1 1 3 3 5 4 5 1 4 4 4 2 1 2 3 1 1 5 2 1 1 2 2 1 3 5 5 3 5 1 5 2 2 2 2 3 2 4 2 4 5 3 5 1 5 4 4 4 2 4 3 2 2 4 1 3 3 5 3 2 5 3 2 3 4 2 3 3 2 4 3 2 4 2 5 3 1 3 4 2 2 1 5 1 2 5 4 1 2 4 2 4 2 5 1 1 1 2 5 5 4 5 1 2 1 5 5 1 1 237
3 2 5 3 5 2 3 4 1 4 4 2 5 1 5 4 3 1 5 3 2 5 1 2 2 4 4 3 1 5 5 2 3 3 3 5 1 3 3 2 3 1 3 4 220 3 2 4 1 2 2 3 2 1 4 3 3 1 2 1 2 2 2 1 4 1 2 3 5 4 3 2 1 2 2 2 2 5 4 3 3 1 4 2 2 3 5 1 3 3 1 5 3 1 3 5 1 4 4 5 5 4 1 5 3 3 2 5 4 4 4 2 5 1 5 5 1 2 5 2 2 1 4 3 4 2 1 2 4 2 4 1 4 3 4 3 2 3 1 1 2 2 5 2 5 4 3 1 5 3 5 3 4 2 3 3 1 3 4 1 4 1 3 3 4 3 3 2 4 3 5 3 5 3 1 2 2 2 5 5 3 3 2 3 3 3 3 2 5 5 1 1 3 1 2 2 5 2 3 3 163
1 4 4 3 4 5 2 2 1 3 2 1 2 5 1 2 2 2 1 2 1 5 5 4 4 1 3 4 4 1 4 2 5 3 3 3 3 3 1 1 1 1 5 5 3 220 1 3 5 2 1 5 3 5 5 3 3 1 4 1 3 3 2 3 4 4 3 3 5 3 3 2 2 1 1 1 1 1 5 1 5 2 4 3 2 1 3 1 2 1 3 4 4 2 3 5 3 3 2 5 4 1 1 2 4 1 1 5 1 5 4 4 4 5 5 5 2 3 2 5 4 1 4 2 2 1 1 2 3 5 1 3 2 2 5 4 1 3 4 3 5 2 2 1 3 3 4 3 4 5 2 5 2 1 3 5 3 5 3 4 5 3 2 2 5 5 5 3 5 2 2 3 1 3 1 2 5 3 2 5 2 2 4 1 3 5 2 1 4 2 2 1 1 4 2 1 1 1 5 3 133
4 2 1 5 5 1 5 4 2 2 3 2 3 3 4 2 3 5 5 5 2 1 5 1 4 4 4 3 5 3 5 4 3 2 2 3 2 4 1 4 1 2 4 3 3 5 220 1 3 5 2 5 1 4 3 2 2 4 3 5 5 3 5 4 2 5 1 5 3 3 2 2 2 1 3 1 4 4 1 2 3 3 2 1 2 3 5 1 2 5 2 5 5 1 4 5 5 3 1 2 2 2 3 2 1 1 5 4 3 3 4 4 3 3 2 1 4 1 3 5 4 5 1 2 2 2 1 4 2 4 1 4 1 2 3 4 1 1 2 1 5 5 1 4 5 1 3 1 1 2 4 2 3 1 1 2 5 4 1 5 3 5 3 2 3 1 5 3 2 5 2 4 2 1 3 2 1 5 5 4 4 2 5 2 4 3 3 3 3 2 4 4 1 5 3 2 1 1 3 4 162
4 1 3 1 3 5 3 4 3 2 3 2 2 2 5 5 5 5 4 4 3 5 1 5 4 1 4 5 5 1 4 5 3 5 2 5 2 1 5 1 3 2 4 3 2 4 2 220 3 5 5 2 5 1 3 4 2 5 3 1 2 1 3 1 5 5 4 4 3 3 4 2 5 3 5 3 5 3 1 3 2 5 1 2 5 1 2 4 4 4 4 3 1 4 1 1 2 4 5 4 5 3 4 4 2 1 3 5 4 5 1 1 4 3 1 1 2 2 3 3 1 4 4 4 1 3 4 5 3 5 5 5 4 1 1 3 5 5 3 2 1 1 5 2 2 4 1 3 3 2 1 2 4 1 1 1 2 3 4 3 5 3 4 3 1 5 2 4 4 3 2 2 5 2 4 2 3 3 5 1 5 2 1 3 5 4 2 1 5 4 5 1 2 2 3 4 5 1 1 1 181
4 4 3 1 4 3 2 5 1 5 4 4 2 3 1 5 4 2 5 1 3 2 1 2 1 1 1 2 4 1 5 1 1 5 2 4 3 5 1 2 5 1 5 3 5 2 1 3 220 1 5 1 3 4 3 5 5 1 3 2 1 4 1 1 1 5 4 2 4 4 5 5 2 1 3 3 3 1 4 1 1 2 1 4 4 2 5 4 3 5 1 2 4 4 4 1 5 4 1 2 5 1 4 1 5 4 5 2 1 4 1 2 4 2 5 2 3 3 3 1 5 5 4 4 1 1 5 1 4 1 4 1 4 1 4 1 4 2 1 2 4 5 1 5 2 4 2 4 4 2 3 3 1 4 5 4 1 5 2 5 2 5 4 4 1 2 5 3 1 5 4 5 3 5 1 4 4 4 3 2 2 4 3 5 3 2 4 2 2 3 2 5 2 1 2 5 4 3 5 5 148
2 3 2 4 1 2 1 5 1 5 1 5 3 3 5 5 5 5 2 2 4 2 1 2 3 4 3 3 5 2 5 3 5 2 4 1 5 1 1 2 1 5 1 4 4 5 4 1 1 220 4 1 5 3 3 5 4 4 1 2 2 4 5 2 3 5 2 2 1 4 4 2 2 1 5 4 2 1 3 3 5 3 4 1 5 3 4 5 5 1 4 3 3 5 2 1 2 5 4 2 5 3 5 3 5 2 1 1 4 3 5 5 2 4 4 5 1 3 3 3 3 5 5 1 3 2 3 2 5 5 4 4 3 5 3 2 1 1 2 3 2 3 1 2 2 1 2 5 3 1 4 5 2 3 4 4 1 5 5 2 2 1 1 3 4 4 4 2 3 5 1 5 5 3 1 3 1 3 2 1 3 4 2 4 3 5 5 5 2 2 3 3 4 1 4 3 3 5 4 3 267
2 3 1 5 5 4 1 5 2 3 1 2 2 1 4 3 1 3 5 4 1 4 2 5 3 5 1 2 3 2 4 4 2 1 1 1 4 1 1 3 4 1 2 4 3 3 2 2 4 4 220 2 1 1 1 1 2 5 4 3 2 3 5 1 2 2 2 1 1 4 5 1 2 2 1 1 2 3 1 1 3 1 1 5 5 2 1 1 4 4 5 3 5 4 1 4 2 4 3 3 5 4 1 1 5 4 1 5 3 2 3 5 2 2 5 3 4 3 4 2 2 2 4 3 4 1 1 1 2 1 4 4 4 4 3 5 2 4 2 1 3 3 5 1 1 1 3 4 3 1 2 1 4 3 4 1 5 1 3 2 4 1 2 2 1 4 4 1 5 1 4 4 1 4 2 5 5 5 2 3 4 1 4 4 4 2 2 5 4 5 2 4 4 3 5 4 4 4 1 2 210
4 1 5 3 4 5 4 4 5 2 5 4 5 3 5 2 5 2 4 2 5 3 3 5 1 1 4 4 2 2 1 3 3 3 3 2 3 2 4 5 5 3 1 3 1 3 4 5 5 4 5 220 5 4 3 2 4 5 4 1 5 2 1 4 5 3 1 4 4 4 3 4 3 5 2 2 3 5 5 1 1 1 3 5 5 4 5 5 5 2 4 5 2 1 5 1 3 2 3 5 4 4 2 5 4 4 3 3 2 4 1 2 3 5 5 3 1 2 4 4 5 2 4 1 5 4 1 1 5 5 4 4 2 1 2 3 5 3 5 5 1 3 4 2 4 3 3 3 4 3 2 5 1 3 3 2 5 4 3 1 5 3 3 5 1 1 3 1 3 2 3 2 4 3 1 5 2 4 4 1 3 1 2 2 3 2 2 2 4 1 1 5 4 5 3 5 1 4 5 2 213
3 4 5 2 1 5 4 3 4 3 3 3 4 1 4 2 2 2 4 5 3 1 4 2 2 2 2 4 4 3 2 2 4 3 4 3 4 5 4 2 3 1 5 3 3 4 3 5 3 1 4 2 220 2 3 3 5 4 3 1 3 4 1 2 3 4 4 1 5 4 5 4 3 3 1 5 1 5 4 5 5 4 4 2 1 2 2 4 2 5 5 4 2 1 2 1 1 3 1 3 5 1 5 4 2 2 3 3 3 3 5 2 4 3 2 1 3 5 2 4 4 2 2 2 3 5 5 5 4 3 4 3 3 2 4 5 1 5 1 5 2 1 2 2 3 3 2 3 4 2 2 3 2 2 5 5 2 3 5 5 2 1 5 4 4 4 5 1 4 1 4 4 1 5 4 2 1 4 5 1 3 5 4 4 3 2 2 3 5 2 3 5 2 3 1 4 1 3 5 1 224
1 2 1 2 4 5 5 3 1 3 3 5 3 5 2 1 4 5 1 4 2 3 4 2 1 2 2 1 5 5 2 4 4 1 3 5 2 5 1 2 4 2 5 3 4 5 5 2 3 3 5 2 4 220 3 2 1 4 5 3 5 1 3 1 3 3 3 4 4 5 5 1 1 5 4 2 4 3 4 3 2 5 4 5 5 1 3 5 3 2 2 5 2 1 2 3 3 5 1 5 3 3 1 3 5 4 4 3 1 2 2 5 2 4 4 3 2 4 5 5 2 3 3 2 2 5 2 1 1 1 4 3 5 3 1 4 4 1 1 4 4 1 1 1 3 1 3 1 1 3 4 5 5 1 4 2 3 4 3 1 4 3 1 2 3 1 2 2 4 2 2 4 1 1 1 3 5 1 4 4 1 3 1 3 4 5 3 4 1 4 3 1 2 5 1 1 1 4 2 2 295
4 2 4 2 3 1 2 1 1 5 2 3 1 2 3 3 4 2 1 4 2 5 5 1 3 1 3 3 4 4 3 4 4 2 2 2 1 3 5 4 2 1 1 5 2 5 1 3 4 4 4 3 1 4 220 4 4 5 5 2 2 1 1 4 1 5 4 4 5 2 3 3 4 3 2 1 4 1 5 2 1 5 4 4 3 3 1 5 1 5 3 5 3 3 1 5 4 1 3 1 5 2 4 2 4 4 3 5 1 3 3 3 4 5 3 3 5 1 5 4 2 5 2 5 1 1 4 1 5 5 1 4 5 1 5 5 4 3 1 2 2 4 4 3 5 4 5 2 4 2 2 4 1 2 4 2 1 1 3 5 1 4 2 4 3 1 2 5 1 2 3 4 2 2 4 2 2 3 3 2 5 5 4 5 3 2 2 5 1 5 4 2 4 3 5 4 2 4 4 3 168
5 5 2 2 4 2 4 2 1 3 3 2 4 1 4 4 1 5 3 5 2 5 5 4 3 4 5 2 1 3 2 4 3 5 3 2 1 3 5 5 1 3 5 4 5 3 2 4 2 1 5 1 5 4 3 220 1 5 2 5 2 5 3 3 2 1 2 4 4 1 5 4 1 1 3 3 2 2 3 1 4 3 4 5 2 1 2 3 3 4 5 2 3 4 2 4 2 5 1 4 4 1 1 2 1 3 2 5 3 5 3 5 1 2 5 4 1 5 3 3 1 4 5 1 4 3 5 1 4 5 3 4 4 3 3 4 4 2 2 5 2 1 3 3 1 4 4 2 3 1 4 4 1 3 4 4 4 1 4 3 1 5 4 1 4 3 5 5 1 4 4 5 1 5 3 3 3 5 4 3 1 4 3 5 1 2 4 2 5 2 5 4 5 4 3 1 1 1 3 5 237
2 5 3 3 1 4 4 3 3 2 2 1 2 2 4 3 5 2 1 4 5 3 1 1 2 4 3 5 2 5 1 1 1 5 4 5 1 4 4 3 4 2 3 3 4 1 1 4 5 4 2 2 3 3 5 3 220 2 4 2 1 1 1 2 3 4 2 4 2 2 4 3 4 2 1 1 3 4 1 2 4 2 4 5 5 5 1 1 1 3 4 5 1 2 4 3 3 4 3 4 4 4 2 3 3 4 5 4 5 1 2 3 5 5 4 4 2 2 5 1 2 3 2 3 3 5 4 4 4 2 3 2 4 5 3 4 1 1 3 3 1 2 5 5 1 3 2 1 2 2 3 2 2 5 2 1 5 3 5 4 2 5 2 3 2 4 1 4 2 3 1 2 4 2 4 4 5 4 3 5 2 4 4 1 5 1 3 1 2 2 1 3 4 2 3 1 3 5 5 3 243
2 5 4 1 1 4 2 1 4 1 1 4 5 5 1 3 3 5 3 1 2 4 3 4 1 3 3 3 4 3 5 1 3 3 2 3 4 3 5 2 3 3 1 4 5 5 2 5 4 2 1 1 3 5 4 5 4 220 3 4 3 5 2 4 3 1 2 3 2 1 3 5 1 1 2 4 2 4 2 1 4 5 2 1 5 3 4 2 4 5 2 2 5 1 1 1 1 3 1 5 1 2 5 4 2 3 1 4 3 1 5 2 4 3 4 4 3 2 2 2 2 4 2 1 3 4 3 1 1 3 5 1 4 5 5 3 5 3 5 2 4 3 1 1 4 2 4 5 4 2 2 2 2 3 2 3 2 2 1 4 5 1 1 2 1 5 5 2 2 4 2 5 2 1 4 1 2 3 5 1 2 1 1 2 1 3 5 4 3 5 1 3 3 3 4 4 1 4 3 3 117
3 1 3 4 2 2 5 2 5 3 3 4 4 5 1 5 5 5 1 5 4 4 3 4 5 2 3 2 4 4 2 4 1 1 5 3 4 4 2 3 5 2 3 5 4 1 5 5 2 2 5 1 3 2 2 1 4 4 220 4 4 2 1 5 5 2 2 4 4 2 3 3 2 5 2 5 5 1 1 2 1 4 3 2 4 5 4 1 1 4 1 2 5 1 1 4 4 5 3 5 5 4 3 1 2 3 2 3 3 4 2 1 1 3 1 4 2 3 2 2 2 4 3 1 3 2 2 1 4 5 5 4 2 2 3 4 5 5 5 2 1 4 4 1 4 3 3 5 4 2 1 1 5 3 4 3 5 3 5 1 5 2 4 1 4 4 3 4 3 2 3 3 4 5 4 2 2 2 4 4 3 4 3 3 2 1 3 4 2 2 4 3 4 3 3 1 5 4 4 2 214
1 2 5 2 3 4 5 1 4 5 1 2 5 4 4 2 1 4 4 2 5 1 4 3 3 1 4 3 5 3 5 1 3 4 1 2 4 1 1 4 1 3 2 2 1 3 1 1 1 2 3 1 4 4 4 2 5 5 1 220 1 3 1 5 2 5 5 1 2 4 4 3 3 1 1 5 4 3 1 2 3 5 4 1 1 2 4 1 2 3 4 1 3 4 2 5 2 4 1 4 2 5 4 4 4 5 2 3 4 4 3 4 5 1 2 5 2 2 2 5 2 2 4 3 5 3 3 3 1 2 5 1 1 4 4 5 3 3 1 4 4 4 3 4 3 4 5 4 1 4 5 1 5 2 2 4 1 2 2 2 1 2 1 1 2 2 3 3 5 3 2 5 4 3 4 3 2 5 5 2 4 1 3 3 3 3 5 2 2 5 4 3 3 2 5 5 3 1 4 3 296
1 1 4 4 2 2 4 5 2 3 3 3 2 2 4 1 4 1 2 4 4 3 4 4 3 4 2 3 1 4 3 1 3 2 2 5 3 2 4 1 2 2 2 2 3 1 1 1 2 5 1 4 4 4 3 4 1 2 2 1 220 5 4 2 1 5 5 1 3 3 4 1 4 1 3 2 1 1 4 4 2 2 3 5 3 1 5 4 1 1 2 2 5 1 2 3 3 4 2 4 2 4 2 1 3 3 4 5 2 5 3 3 3 5 3 3 1 2 1 1 2 1 1 3 2 1 1 4 2 2 3 5 4 3 5 4 5 5 2 3 1 3 3 1 1 2 2 4 4 5 5 5 1 4 3 2 4 5 4 2 1 2 3 2 4 3 2 1 5 1 4 3 3 4 2 5 5 2 3 4 4 4 3 1 3 3 3 2 3 4 4 4 3 5 1 2 3 5 1 2 276
2 3 3 3 1 4 2 3 2 5 5 4 5 5 4 4 4 3 3 4 5 3 2 5 5 2 3 2 4 3 5 5 5 1 2 2 2 4 5 3 3 3 2 3 3 1 4 1 5 4 1 3 3 1 2 1 5 5 3 3 5 220 1 2 4 4 1 2 1 4 4 2 5 3 5 2 2 3 4 1 1 3 1 3 5 4 3 4 5 1 4 5 4 4 4 5 2 2 3 4 4 3 5 1 3 2 1 3 2 4 3 2 3 3 5 4 4 3 1 4 1 1 1 5 5 1 5 3 5 3 3 3 5 1 4 4 4 5 4 4 2 1 5 1 4 4 3 4 2 4 5 5 1 1 2 5 3 3 2 2 4 1 3 3 3 2 2 2 2 5 4 4 1 1 5 2 3 5 2 4 3 1 4 5 2 1 5 3 2 4 4 2 2 1 3 1 5 1 2 5 108
3 2 2 1 5 5 3 5 1 5 3 4 5 5 1 5 1 3 3 2 5 4 2 4 3 4 5 4 5 1 1 5 4 3 2 4 4 2 1 5 3 1 5 3 5 4 4 4 3 4 5 4 4 4 4 3 4 4 4 5 4 5 220 4 4 5 1 5 1 5 2 2 5 1 2 1 3 3 3 3 5 2 1 3 2 4 1 1 1 1 1 1 3 1 2 3 1 1 4 5 2 4 2 3 3 5 2 1 1 4 5 4 2 1 1 4 3 4 3 2 2 4 2 5 1 3 1 4 2 1 5 4 4 1 3 3 2 5 5 4 2 5 5 1 2 3 5 3 2 1 5 4 5 3 5 2 5 5 4 3 4 1 3 4 4 5 3 5 4 5 3 4 4 5 1 3 4 5 2 2 2 3 3 2 5 3 3 4 5 4 4 1 1 3 5 3 5 1 1 4 227
5 5 4 2 1 4 5 3 2 4 4 1 1 1 3 4 5 3 3 2 3 4 1 4 1 1 2 3 1 1 2 1 5 1 1 1 1 4 2 2 5 4 3 1 3 4 3 4 1 1 2 4 5 2 4 2 2 5 2 5 4 4 1 220 4 3 4 2 1 2 3 1 4 3 5 3 3 2 2 4 2 2 1 4 1 5 4 5 3 4 2 2 2 2 2 1 2 1 1 4 4 3 3 1 2 3 2 3 4 1 4 4 5 1 3 2 5 1 1 4 2 4 4 3 5 4 2 2 5 3 1 3 4 5 2 2 3 4 2 2 4 2 2 3 4 3 5 4 2 2 3 1 1 3 1 1 2 4 1 2 1 4 3 2 2 1 3 1 3 2 4 2 4 2 4 3 3 1 1 4 3 5 4 5 5 3 4 5 5 2 2 1 3 4 1 1 3 5 2 4 296
1 3 3 1 3 5 1 2 4 3 1 5 1 5 1 2 3 5 3 1 5 5 2 4 3 4 5 2 5 4 3 5 2 4 5 4 3 1 3 5 5 4 2 5 3 3 1 4 2 4 2 3 2 2 3 5 5 2 3 5 5 3 3 1 220 3 1 2 3 4 1 1 3 1 2 4 4 4 2 1 4 5 2 2 1 4 4 1 4 1 5 2 5 5 3 3 3 4 2 2 4 4 2 4 5 2 1 3 3 4 2 1 3 3 3 5 5 2 2 3 2 2 2 4 5 4 2 3 2 1 3 4 1 5 5 4 5 1 3 3 2 5 1 3 2 5 4 1 4 1 1 1 3 3 4 2 4 3 2 1 2 1 2 1 4 1 1 4 4 5 3 3 2 1 4 2 1 1 1 1 3 5 3 1 3 5 3 5 5 1 5 3 2 5 1 2 1 3 3 5 280
1 5 3 2 2 1 5 2 3 2 3 5 5 3 5 1 1 2 4 2 3 5 3 5 5 4 3 1 4 2 5 5 3 4 2 2 4 1 1 3 4 4 2 4 1 2 1 5 5 5 5 4 1 1 2 2 4 5 1 2 1 5 2 1 2 220 4 5 2 1 4 1 3 3 4 5 4 1 4 3 4 2 4 2 1 2 1 4 1 5 5 1 2 3 1 2 1 5 2 3 1 5 4 5 1 4 2 4 1 4 4 2 3 1 1 4 2 3 1 2 5 3 5 5 2 1 2 4 3 4 4 2 1 1 5 4 3 3 2 1 1 1 3 4 5 5 4 2 3 5 5 4 5 2 1 3 2 1 4 5 4 2 3 2 5 1 2 5 3 4 1 4 4 3 4 1 3 5 4 2 4 1 1 4 4 2 1 1 5 2 5 5 3 5 2 5 2 1 3 2 234
1 1 4 4 2 3 5 2 5 4 1 4 1 1 3 2 4 5 4 3 2 5 5 3 1 3 3 2 4 5 5 2 3 2 1 1 4 3 4 2 3 3 1 1 3 3 2 3 1 2 3 5 5 4 1 5 4 2 5 4 3 1 1 2 4 1 220 5 5 1 5 4 3 3 5 1 2 5 4 4 4 4 3 1 4 1 5 1 1 4 1 4 3 5 2 2 1 3 5 5 3 2 3 3 4 2 2 4 5 2 2 5 3 3 2 3 3 1 1 5 5 3 4 3 2 3 5 5 1 2 2 1 5 3 2 1 1 4 1 5 2 5 2 4 2 1 1 5 2 4 3 3 5 1 2 1 2 3 5 1 3 5 4 5 4 5 1 5 5 3 1 5 5 3 3 4 1 5 5 4 5 4 3 3 5 1 4 5 1 1 2 3 5 2 2 4 2 2 3 3 147
2 1 2 5 2 5 5 2 2 2 3 2 5 3 4 3 3 3 5 4 5 1 4 3 1 2 3 2 3 4 3 4 1 3 4 4 4 1 2 2 1 1 4 3 1 4 3 5 4 2 5 5 3 5 3 1 5 2 5 4 4 1 4 3 5 5 3 220 2 3 3 5 3 5 5 5 4 3 1 5 1 4 3 4 2 5 4 1 2 4 5 4 1 1 4 4 5 5 4 1 4 3 2 3 2 5 2 2 1 2 4 1 4 1 5 4 1 3 1 5 3 1 3 3 3 2 3 3 2 4 2 4 4 2 5 3 2 3 4 3 1 1 2 5 5 2 4 3 1 1 3 3 1 1 1 1 4 2 5 1 1 4 1 3 2 2 4 4 4 4 2 1 4 4 1 4 1 2 1 2 1 5 4 4 4 2 2 3 2 4 2 5 5 2 3 4 3 5 4 4 236
2 1 2 2 1 4 2 1 1 1 1 2 1 5 2 2 2 1 3 3 2 2 4 4 4 3 4 3 3 3 4 5 5 2 3 3 1 5 3 2 3 5 3 4 1 5 3 5 5 1 4 3 2 2 2 4 2 4 1 2 2 3 1 3 1 4 1 5 220 3 3 3 5 2 5 1 4 2 5 2 3 1 2 1 1 5 3 5 2 2 2 4 5 3 4 3 1 1 1 3 5 1 5 3 4 3 4 5 3 4 4 4 5 3 3 4 5 4 1 2 3 3 1 4 3 1 4 4 3 5 4 3 2 3 1 2 3 2 5 4 1 3 1 3 4 3 1 2 1 1 5 5 5 3 3 3 4 5 3 3 4 5 2 2 1 3 3 4 5 1 3 2 4 5 5 3 5 4 3 2 3 1 1 4 4 3 2 2 3 3 2 3 2 2 2 1 1 2 2 5 135
1 2 3 3 5 4 3 2 2 4 1 5 1 3 5 2 5 5 5 4 4 4 4 3 3 2 3 4 2 2 3 2 2 4 2 4 2 4 5 1 1 5 1 1 5 4 2 4 4 1 2 3 4 3 3 3 1 5 4 1 3 1 5 5 1 1 5 5 2 220 5 3 5 4 5 5 1 5 3 4 3 3 1 3 4 5 4 1 1 3 2 4 2 4 3 5 3 5 2 3 5 5 5 2 3 4 5 4 4 5 4 4 3 1 4 4 5 2 5 4 5 5 1 4 1 3 5 4 2 5 4 3 3 3 1 5 5 3 2 4 2 2 3 3 2 5 5 2 2 4 5 5 4 5 2 4 1 1 3 2 3 5 2 4 2 1 2 5 4 1 2 1 3 5 1 5 4 4 5 5 5 2 4 2 2 3 4 4 4 4 1 3 1 5 5 5 4 5 3 4 234
2 5 2 5 4 5 3 1 5 2 4 2 2 2 3 2 4 2 5 4 4 3 4 4 2 3 5 5 5 4 4 2 1 4 4 1 1 4 4 2 5 2 3 3 2 3 1 1 3 3 4 1 5 3 3 5 4 2 5 1 2 3 5 2 2 2 3 1 4 2 220 3 2 2 2 3 2 1 1 3 4 4 4 3 1 3 3 4 2 1 1 5 4 3 2 5 1 4 4 1 1 3 1 1 4 5 2 5 5 4 3 3 3 5 5 3 3 3 1 1 1 5 5 5 2 1 1 3 1 4 1 3 1 4 4 5 3 4 5 2 4 5 2 2 5 3 5 1 5 3 3 2 1 5 5 2 2 5 2 2 3 1 3 5 4 5 1 2 4 4 2 1 2 4 2 1 3 4 2 2 5 4 3 3 3 2 2 3 4 4 3 2 4 1 1 5 1 5 5 4 150
2 2 3 4 3 5 3 3 1 5 3 2 2 3 2 1 3 3 5 1 1 2 5 5 3 5 1 3 5 5 3 1 1 4 4 5 1 4 2 5 2 4 5 2 1 4 3 2 2 4 3 3 5 3 1 5 5 4 2 3 2 3 2 3 5 5 5 1 1 2 1 220 2 3 1 1 5 5 3 3 5 3 3 5 2 5 2 2 5 3 2 1 2 2 1 1 2 1 4 1 1 5 4 5 5 1 5 2 4 5 2 5 2 1 5 5 5 2 1 5 3 4 5 2 5 3 4 1 2 3 1 5 2 1 3 4 5 4 2 5 3 4 2 1 1 5 2 4 4 1 5 1 5 4 5 3 1 3 4 4 1 1 1 4 5 4 2 2 5 1 2 3 4 3 3 1 5 3 3 1 1 3 3 1 3 3 3 4 1 1 2 5 4 2 2 5 4 3 3 1 107
3 2 3 2 5 5 1 2 2 1 1 1 2 1 2 1 5 2 1 4 5 4 4 3 5 4 3 2 5 2 4 5 5 2 5 3 1 4 3 4 1 3 5 3 4 4 4 2 1 2 4 5 2 2 4 4 1 2 4 2 1 5 5 1 5 3 1 2 2 4 2 1 220 3 4 2 1 4 3 2 1 4 3 4 1 1 3 5 5 3 4 5 3 5 3 2 4 1 3 2 4 5 5 5 3 5 4 1 4 4 4 2 2 5 3 3 4 4 1 2 3 2 1 2 4 1 3 3 4 5 5 3 3 4 4 3 3 4 4 3 5 3 5 5 1 5 2 2 5 2 2 1 3 1 4 1 4 1 4 3 2 4 4 4 1 2 4 1 5 2 4 3 4 5 3 1 2 2 3 5 3 2 2 1 4 4 5 4 5 5 3 3 1 5 4 4 2 3 1 4 147
3 2 2 4 4 4 1 4 2 3 3 2 4 2 2 5 3 2 5 5 2 3 5 5 3 1 1 5 5 5 5 4 2 3 2 1 4 4 5 1 2 4 2 1 3 1 4 5 5 1 5 2 2 4 4 2 4 2 4 5 5 3 1 2 3 5 3 4 2 1 2 2 1 220 2 2 5 1 1 4 1 2 3 2 5 1 2 4 2 5 1 2 3 1 1 5 1 3 5 1 4 4 5 3 4 2 2 2 1 4 3 5 4 2 4 2 2 4 2 1 3 4 5 2 2 4 2 1 4 3 1 3 5 2 2 2 3 4 2 5 5 3 2 2 4 4 4 1 5 4 2 3 2 1 5 2 4 3 1 5 5 3 3 2 2 5 4 2 4 3 4 2 3 4 3 1 3 1 5 4 5 5 2 3 1 5 2 5 1 5 1 2 1 2 2 1 4 4 5 1 145
1 1 2 4 2 5 4 1 2 4 3 4 1 3 2 3 4 5 3 2 3 3 5 2 3 4 1 3 3 1 2 4 2 2 2 4 2 5 2 3 1 2 3 3 4 3 3 5 1 1 5 3 1 3 5 1 3 5 1 2 4 1 2 1 5 5 1 3 5 1 1 1 2 3 220 4 4 4 1 5 3 1 4 5 1 4 5 5 4 5 1 2 2 3 2 3 3 5 4 3 1 5 3 5 2 1 1 1 4 1 3 2 2 5 1 3 4 2 1 4 2 1 5 2 3 1 4 1 2 3 2 4 3 5 5 1 5 3 4 4 1 1 4 5 3 5 1 5 4 4 2 2 5 5 3 3 3 5 3 3 5 2 2 5 5 5 5 4 3 2 2 1 5 5 3 2 3 1 5 4 1 4 1 2 4 2 5 1 3 3 1 5 1 3 1 1 3 2 4 1 286
5 2 3 5 4 3 4 4 5 2 4 2 2 1 3 2 1 3 2 4 3 4 1 5 5 1 2 2 2 5 3 5 5 2 2 4 4 1 1 3 1 2 2 4 5 5 2 2 5 3 1 2 1 4 4 5 5 4 5 2 1 5 1 3 5 2 3 1 1 4 2 2 4 4 4 220 2 1 3 2 2 4 5 3 4 2 2 3 5 2 2 2 5 3 3 1 2 4 2 5 4 4 2 2 4 3 3 3 2 5 1 2 4 4 1 5 3 4 1 2 1 5 2 4 1 3 1 3 4 2 4 2 5 5 5 2 2 2 3 1 1 5 1 1 2 3 1 1 5 2 1 1 1 3 4 5 4 2 2 4 5 3 1 5 5 1 1 1 5 1 1 3 3 2 2 3 1 5 3 2 4 5 1 1 4 1 5 4 2 1 5 4 1 4 2 5 5 2 5 2 208
5 1 1 5 5 3 4 5 2 5 4 4 2 2 1 1 4 5 5 4 1 1 3 5 3 3 2 3 1 1 5 3 4 4 2 5 5 2 5 4 4 5 2 4 2 4 3 3 3 5 4 1 3 3 5 5 2 4 4 1 5 5 3 3 2 2 3 1 1 1 4 5 4 5 3 3 220 2 3 3 3 3 3 3 4 1 5 2 3 2 5 3 3 5 5 2 3 1 5 5 2 1 2 4 1 1 2 5 5 2 4 5 4 4 3 1 4 3 3 2 4 2 1 1 3 5 4 1 1 1 2 2 5 5 2 2 3 5 1 4 3 2 3 1 2 5 5 4 3 3 4 5 4 2 1 3 2 1 1 2 3 3 3 5 2 3 5 4 1 2 2 3 3 1 2 3 3 2 1 2 1 5 1 2 4 3 5 5 2 1 3 3 4 2 1 1 3 3 1 2 181
2 3 2 5 5 5 4 1 4 3 5 2 2 1 5 1 5 4 3 1 2 3 2 1 2 4 3 3 4 4 1 1 2 3 4 2 5 3 4 5 4 2 2 4 3 2 4 5 4 1 1 5 1 3 5 4 1 5 1 4 2 3 5 3 1 1 5 5 4 1 2 1 2 1 4 5 1 220 5 1 4 3 5 5 5 5 3 4 1 1 5 2 2 2 3 3 2 2 1 4 1 2 3 1 2 3 1 2 4 5 2 1 1 2 3 3 1 4 4 4 2 1 5 5 2 2 3 1 3 2 4 5 3 1 4 3 5 5 5 4 1 4 5 1 4 1 1 4 2 2 2 5 4 1 4 1 5 2 3 3 3 3 3 3 4 1 1 1 4 1 5 2 4 3 1 1 5 5 1 3 4 2 4 2 1 3 3 5 2 1 5 4 2 4 5 2 2 5 5 5 265
3 5 3 3 1 3 3 5 3 2 1 5 4 2 3 1 5 1 3 2 4 5 2 3 3 2 2 4 5 3 5 4 2 3 1 1 1 1 5 5 5 2 2 1 5 1 4 3 1 3 5 5 5 3 5 3 1 2 1 2 2 2 2 1 4 4 5 4 2 5 3 5 1 5 3 5 1 1 220 3 4 3 1 2 2 4 5 5 5 5 1 2 2 3 5 4 3 2 4 1 2 1 2 3 5 1 5 2 1 5 3 2 5 5 1 4 5 2 5 1 4 4 1 5 2 4 2 4 5 5 3 1 5 3 4 1 1 3 5 1 3 4 2 3 3 4 3 2 4 5 4 4 1 5 4 1 2 4 1 1 4 5 1 1 1 1 5 3 3 5 4 1 1 3 3 1 2 1 5 4 2 4 3 2 5 4 2 2 5 1 1 1 2 5 2 4 2 4 5 2 175
5 1 5 3 2 4 2 4 3 3 5 5 5 1 5 2 1 4 3 3 2 1 4 4 1 2 1 5 1 2 3 4 1 3 3 5 2 5 3 3 3 1 1 5 4 3 4 2 3 2 3 3 1 2 1 2 1 1 2 2 3 1 2 3 3 4 2 5 4 3 1 5 1 2 3 4 1 2 4 220 5 2 5 4 1 5 1 5 4 5 4 3 4 2 2 1 1 4 4 1 2 5 2 2 1 3 2 2 3 1 5 4 2 5 4 3 4 5 3 2 5 4 2 3 1 5 4 3 3 4 1 1 3 2 1 2 5 4 5 2 5 4 5 4 1 3 4 3 1 4 1 5 5 2 4 5 4 4 1 4 2 3 1 3 2 3 5 2 2 5 4 5 2 1 4 5 5 1 1 2 5 5 1 4 5 1 1 2 1 1 1 4 1 3 1 1 1 1 2 1 196
3 3 5 1 1 5 3 3 1 5 4 2 2 2 4 4 1 3 5 3 1 5 4 1 5 1 2 4 4 2 5 2 5 5 3 3 5 3 4 1 4 5 2 3 3 1 1 5 5 1 2 4 5 2 4 3 1 3 2 5 1 5 2 2 2 5 5 4 1 4 5 2 3 2 2 2 4 4 5 4 220 1 4 5 5 2 4 2 1 4 5 5 1 2 5 1 3 5 1 3 1 4 2 2 5 1 3 4 3 1 3 3 3 1 1 1 5 1 4 5 4 2 3 5 2 4 4 2 4 5 3 4 4 4 3 5 3 5 3 4 5 4 3 3 2 2 3 2 5 2 3 1 1 2 4 5 5 2 3 3 4 5 4 3 4 4 4 3 1 4 3 2 1 3 1 5 1 5 4 3 5 3 4 3 1 5 5 3 2 4 1 4 5 2 3 1 3 5 2 5 246
3 3 2 2 1 3 2 5 2 5 5 1 1 3 3 3 4 1 2 1 5 1 4 3 3 2 3 2 4 3 2 5 5 2 4 1 1 2 3 4 2 1 2 5 3 1 5 1 3 1 1 1 3 3 3 2 2 2 4 4 5 3 5 3 1 3 2 3 1 4 4 1 1 5 4 3 1 4 3 2 4 220 2 5 1 4 4 1 1 5 2 4 2 2 4 4 3 2 4 5 3 1 5 4 1 5 2 2 4 3 3 2 4 3 1 5 4 5 3 2 5 4 1 3 5 1 4 3 1 4 5 3 4 3 5 5 5 5 4 2 1 4 4 3 5 1 3 5 3 1 4 3 3 3 3 1 1 3 4 5 1 5 4 4 4 5 4 4 1 1 4 4 4 1 2 3 1 4 3 5 1 1 2 1 3 3 3 5 2 2 1 5 1 5 4 3 5 2 5 2 131
2 1 1 4 2 2 2 1 3 2 2 2 2 5 1 5 5 4 5 4 1 5 3 3 1 2 2 3 5 5 5 1 3 1 3 4 5 2 1 1 1 3 5 4 4 1 1 4 1 4 4 2 1 5 5 1 2 3 4 2 2 4 2 2 5 2 1 2 4 2 2 2 2 5 5 3 3 2 3 4 4 2 220 3 3 3 1 5 2 1 1 3 1 3 5 3 5 4 3 1 4 1 4 4 1 1 2 3 2 1 3 2 1 3 1 1 3 3 5 2 5 5 5 3 2 5 1 4 4 5 5 2 2 5 3 4 2 5 2 3 5 2 4 2 2 3 3 4 2 2 3 1 4 1 2 4 5 5 3 4 5 4 4 2 5 1 5 4 2 4 1 2 5 4 5 3 1 2 3 1 3 2 3 2 4 4 1 1 2 5 2 5 5 2 3 1 1 3 2 2 278
3 1 2 2 5 1 4 5 2 4 1 3 2 4 1 4 3 2 1 2 4 1 2 3 4 4 4 1 4 5 4 3 2 2 2 2 2 5 5 5 1 2 5 4 3 5 2 4 5 3 3 3 5 4 1 3 1 2 1 3 2 1 4 5 3 5 2 5 3 3 5 1 4 3 3 4 1 5 4 3 5 5 5 220 5 1 4 1 1 3 4 2 2 3 1 4 2 3 1 2 3 1 5 4 3 2 3 2 3 1 4 4 2 1 4 4 5 5 3 2 5 2 1 4 1 3 1 1 4 3 1 3 3 2 1 2 5 4 5 1 5 3 5 2 2 3 4 4 4 2 4 2 1 1 4 2 1 1 1 3 4 5 1 4 5 5 1 1 4 1 4 1 2 4 4 5 1 4 2 1 2 3 4 4 4 2 5 1 3 2 4 2 5 1 4 2 5 4 5 5 180
3 5 2 5 3 2 5 2 2 1 2 1 1 2 1 4 4 5 3 4 3 4 2 4 4 4 5 2 3 2 4 5 1 3 1 5 2 3 4 2 5 3 3 2 3 4 2 1 1 1 2 3 1 3 3 1 5 2 2 4 4 4 3 3 3 2 4 4 2 1 4 5 3 3 1 3 4 1 2 5 4 1 1 3 220 5 1 1 3 2 3 4 3 1 5 1 5 1 5 4 5 5 4 1 3 1 2 3 2 4 2 5 3 2 2 2 3 3 4 5 4 5 3 5 4 3 4 5 3 4 5 5 3 4 1 4 3 3 5 1 4 3 2 5 5 3 5 3 3 1 4 1 5 2 3 3 4 5 3 5 5 4 4 5 1 3 1 5 4 4 4 2 5 3 3 1 4 1 4 5 4 2 3 3 1 1 2 5 4 3 5 2 4 2 5 2 2 5 2 4 148
1 1 5 2 5 5 5 2 3 2 2 4 1 5 5 4 1 2 1 4 1 4 1 3 5 4 2 2 4 4 3 1 1 3 4 5 2 1 2 3 4 3 1 4 3 1 5 1 5 4 4 4 1 4 2 4 5 5 1 5 2 3 5 2 5 2 2 2 3 1 5 2 5 4 5 5 4 3 3 5 4 4 1 4 5 220 2 4 4 5 3 4 5 1 2 3 3 3 2 4 1 1 4 4 4 4 4 1 4 5 1 2 2 1 4 1 1 2 4 5 1 3 4 3 2 2 2 2 5 2 2 2 3 5 1 4 1 4 2 1 2 1 4 2 2 3 3 1 4 2 1 2 1 5 1 1 1 1 4 1 2 3 4 5 1 4 3 4 2 4 2 3 1 1 3 5 1 2 3 2 5 2 4 3 5 2 3 1 2 2 4 2 5 4 2 2 1 5 5 5 262
4 1 2 4 2 1 4 5 5 5 5 4 3 5 1 5 1 2 5 4 5 5 3 5 1 2 2 5 2 5 4 3 2 1 4 5 5 4 5 2 2 5 5 5 2 5 3 2 4 3 4 1 5 1 4 1 5 4 4 1 3 1 3 5 5 5 2 1 3 3 3 5 3 1 4 1 3 1 2 3 3 5 2 2 2 1 220 2 3 3 4 2 4 1 4 4 1 4 5 5 1 5 1 5 2 3 4 5 3 2 4 5 4 2 5 2 5 5 5 3 5 1 2 2 3 2 2 1 4 2 3 4 2 1 4 2 5 3 4 1 5 5 1 2 3 1 4 4 5 5 5 1 5 1 2 4 3 1 5 5 4 4 1 3 1 1 4 3 2 5 3 1 4 4 4 2 4 5 3 4 1 3 1 5 4 3 3 5 5 4 3 4 2 4 4 5 2 5 5 5 201
4 3 5 5 4 1 2 2 2 2 5 4 5 3 2 4 2 4 4 1 1 3 2 1 5 2 2 1 3 5 5 3 1 3 3 2 4 1 3 1 2 5 1 4 2 3 5 3 4 5 1 5 3 4 1 2 2 4 1 4 1 3 2 5 3 1 5 2 2 4 2 4 1 4 3 2 1 2 1 5 3 1 1 4 5 2 1 220 4 3 4 4 4 5 5 5 3 5 4 5 3 1 5 1 1 4 5 5 2 2 2 2 5 1 4 5 5 2 5 2 3 2 4 3 3 2 3 2 4 5 5 5 3 3 2 2 4 1 1 1 1 5 2 3 4 5 1 1 2 2 4 1 2 4 4 5 5 1 1 4 3 1 1 5 1 4 5 1 4 4 1 4 4 4 5 2 5 2 3 4 1 3 4 1 5 2 3 5 1 3 4 5 5 5 1 4 4 4 4 4 215
3 1 1 3 5 2 1 1 5 4 5 3 1 2 3 2 3 3 4 5 1 2 1 3 5 3 3 5 4 4 2 2 3 3 2 5 2 5 2 2 5 5 2 1 3 4 3 1 3 2 5 1 5 3 3 5 3 1 4 2 3 2 3 1 3 5 4 3 3 2 1 5 5 5 1 1 4 4 2 4 3 2 1 3 1 5 2 4 220 1 3 4 5 5 4 4 5 1 5 5 3 1 1 1 1 4 1 5 4 5 1 3 2 5 3 4 1 5 2 1 5 1 5 1 3 3 1 1 1 1 4 4 4 3 2 3 3 4 4 3 2 5 3 4 2 4 1 2 3 5 3 1 3 3 4 3 4 4 2 1 2 3 3 1 1 5 2 1 3 3 2 3 1 2 1 5 3 4 3 4 3 2 5 4 4 4 5 3 4 1 3 3 4 1 2 2 3 1 1 2 203
4 3 5 1 5 3 4 3 5 1 3 5 5 2 1 3 4 2 4 1 3 5 5 5 4 4 4 1 1 1 3 3 5 2 4 5 1 4 3 3 4 5 5 1 5 4 4 4 3 5 1 1 2 3 4 1 4 4 1 4 1 2 2 4 5 4 2 4 2 2 4 1 5 3 5 4 4 2 2 2 1 4 1 5 5 4 3 4 1 220 2 5 5 5 4 5 2 4 4 5 5 1 2 3 5 3 4 5 3 3 4 3 2 1 2 1 3 4 5 3 4 3 1 2 4 2 3 2 3 4 3 5 3 1 2 5 1 4 2 5 5 5 3 4 4 3 4 3 5 1 4 1 1 5 2 5 4 4 4 1 1 5 5 5 2 4 2 5 5 3 5 2 2 5 3 3 3 1 4 1 3 1 2 4 2 4 2 1 1 1 3 1 4 2 2 5 3 4 2 4 142
5 1 5 1 3 5 3 4 1 5 2 1 5 2 4 2 2 2 3 2 4 2 5 4 4 5 1 2 1 5 3 3 5 4 3 4 3 4 5 3 1 4 4 5 4 3 5 1 4 3 4 2 3 2 3 5 2 2 3 1 5 5 1 1 2 2 2 2 3 2 3 4 5 4 1 5 1 4 2 2 5 5 5 2 1 4 1 1 3 1 220 3 1 4 3 5 1 5 5 2 4 2 3 3 3 3 1 5 2 2 5 4 5 1 1 1 3 4 3 4 1 5 1 4 4 5 2 5 4 4 4 3 1 5 4 1 5 5 4 2 1 5 3 3 4 2 1 2 2 1 5 1 1 5 4 1 1 4 4 4 5 4 2 3 5 5 3 4 2 3 5 2 5 4 2 3 1 3 3 3 3 1 3 4 5 1 3 4 4 4 2 2 1 1 5 3 5 5 1 1 172
3 1 3 1 5 1 2 1 4 5 3 1 2 2 1 5 5 4 2 4 4 3 3 3 4 3 1 4 3 4 1 1 3 1 4 1 5 5 4 2 3 5 5 2 3 2 3 4 5 5 2 2 2 3 4 3 2 4 4 1 4 2 3 1 4 5 4 3 4 3 4 4 1 5 4 3 4 3 2 2 3 2 2 1 4 4 3 2 3 5 2 220 5 4 4 5 5 1 2 4 3 3 3 3 3 4 2 3 3 2 4 5 3 3 3 1 1 5 3 4 4 1 3 5 1 1 5 2 3 2 2 3 2 3 5 3 3 3 1 2 4 5 2 4 3 2 2 4 1 4 4 3 5 5 3 5 2 4 2 5 3 1 2 2 2 4 5 3 5 2 1 3 3 1 2 3 1 2 2 1 5 3 3 5 5 2 3 1 4 1 1 2 4 2 3 4 3 1 2 4 150
1 4 3 3 1 5 4 2 3 4 5 2 3 5 2 2 3 5 1 4 5 3 1 3 1 2 5 2 1 2 4 4 3 2 5 3 1 1 3 2 2 2 4 2 1 3 4 3 3 5 4 2 2 5 2 4 1 1 4 4 2 3 1 1 2 5 5 1 2 1 2 4 4 1 3 5 2 2 3 2 5 4 5 1 3 4 3 4 2 3 2 5 220 3 2 4 4 3 3 3 4 2 4 5 5 4 4 5 5 5 3 1 5 2 4 1 4 5 3 3 5 4 4 2 1 2 2 1 4 4 1 1 1 3 3 5 4 4 5 5 3 4 4 5 4 3 1 2 2 1 1 1 2 5 2 1 4 2 1 1 2 3 3 5 5 3 5 3 2 2 5 4 4 4 1 4 3 5 4 2 1 2 1 4 3 2 4 2 2 5 1 2 3 4 2 1 1 5 3 1 276
1 2 1 2 5 5 2 3 3 3 4 4 4 2 1 3 4 2 5 3 4 5 1 4 1 4 3 1 3 1 4 2 4 5 3 5 2 1 1 3 3 3 5 3 4 1 1 5 4 4 1 1 3 2 2 2 3 2 3 4 3 2 2 5 5 5 1 3 4 2 4 3 2 2 2 1 2 5 1 5 3 5 2 3 4 2 1 4 5 4 1 4 3 220 4 3 2 3 3 4 2 5 3 4 3 5 4 2 1 1 5 5 1 2 2 4 5 4 4 1 3 4 4 5 4 4 1 4 3 3 1 4 2 5 5 4 2 5 3 5 3 5 3 4 4 3 4 3 2 2 5 2 3 3 1 3 1 2 1 1 3 2 4 3 4 1 5 1 3 4 4 2 2 5 3 3 2 5 5 2 4 2 5 4 4 1 4 1 1 1 3 2 4 1 1 3 2 4 2 4 156
2 2 2 3 2 2 4 1 5 3 1 1 2 5 4 1 4 5 1 2 2 1 2 3 2 5 2 2 3 2 2 3 5 3 1 3 3 5 4 4 3 3 1 4 3 2 1 5 5 5 4 5 3 1 1 5 4 2 5 4 5 5 1 5 1 4 5 3 1 2 1 2 2 3 2 1 5 4 3 5 1 3 2 5 3 3 5 5 2 3 2 2 4 1 220 2 3 3 4 1 4 3 1 2 5 4 5 1 3 3 3 1 3 5 3 4 3 2 3 4 3 5 4 3 3 4 3 3 1 4 5 4 3 3 4 1 1 5 3 4 5 5 5 4 4 2 2 3 5 1 4 4 3 3 5 5 3 4 5 4 5 5 4 5 3 5 4 2 1 4 5 3 5 4 4 2 4 3 4 3 1 5 5 4 5 4 2 5 3 2 4 3 3 2 1 3 5 1 1 4 252
3 5 2 4 5 3 3 4 5 3 2 4 3 5 2 3 5 1 4 5 4 3 4 1 1 2 1 1 2 5 1 1 2 3 1 2 2 4 1 5 2 5 2 2 4 4 4 5 1 2 3 4 4 2 3 2 3 3 3 1 1 3 2 5 1 1 5 5 2 3 5 5 5 4 2 4 5 4 5 4 3 3 5 5 5 5 5 2 1 3 3 4 4 5 2 220 4 3 4 2 3 5 2 1 2 1 2 2 2 1 5 2 2 4 2 5 3 2 4 5 3 3 5 2 3 2 4 4 4 1 3 3 2 4 5 5 2 3 4 5 2 3 5 2 3 4 3 5 5 5 1 5 1 4 4 3 3 5 4 4 5 5 2 3 3 2 1 1 4 4 1 1 2 2 1 1 2 5 3 4 2 3 5 3 5 3 5 4 4 1 2 2 1 5 2 1 5 5 5 5 244
4 4 4 2 3 3 2 4 1 5 2 1 4 3 5 2 5 2 3 4 3 2 4 4 2 5 3 4 2 5 1 1 2 3 2 4 2 5 3 4 5 3 1 1 2 4 3 4 2 5 2 1 2 3 5 2 3 2 4 1 4 1 1 2 4 2 1 1 4 2 3 1 4 5 3 5 4 4 1 4 2 1 5 4 2 2 4 3 4 4 2 3 3 1 2 5 220 5 3 1 5 5 5 1 5 1 4 5 3 2 5 4 3 1 4 1 1 2 3 1 4 1 5 4 3 2 4 5 2 3 5 1 4 3 4 4 3 5 4 2 4 5 5 1 3 5 5 5 2 1 2 1 5 2 1 2 4 3 5 3 1 2 5 4 1 2 5 3 3 1 5 1 2 4 5 4 5 1 2 3 2 2 4 5 1 5 2 3 5 3 2 4 4 3 1 3 4 1 3 1 189
3 3 1 3 4 1 1 2 2 5 2 4 3 5 5 5 1 3 5 3 5 4 4 3 4 4 3 2 4 2 3 3 3 3 1 2 3 1 1 1 1 5 5 4 2 4 5 3 3 3 4 3 4 4 5 4 4 3 1 5 1 2 3 4 3 4 5 3 5 2 5 1 4 3 2 2 3 1 2 4 2 1 3 1 4 1 3 3 4 5 4 1 2 2 1 1 4 220 1 4 1 2 2 5 2 3 1 1 4 1 2 4 2 2 2 3 2 1 3 4 5 2 5 2 3 5 4 3 1 1 4 3 3 5 1 4 3 5 5 1 3 4 3 5 1 4 1 5 2 3 3 1 1 4 2 3 2 3 2 4 3 4 2 3 1 1 4 3 5 2 2 1 4 1 2 5 1 5 2 3 2 4 1 4 5 4 5 3 3 5 4 1 4 5 3 2 4 5 2 3 280
4 3 4 2 2 5 3 2 5 4 2 2 3 5 4 3 1 3 5 4 1 3 1 1 2 3 3 3 5 1 4 1 3 4 3 5 2 5 3 5 3 4 4 5 4 5 5 2 2 5 1 3 1 1 3 3 2 3 3 5 2 3 2 3 4 3 2 3 2 3 3 5 1 5 4 4 1 1 2 1 1 4 2 2 4 3 3 3 5 5 5 4 4 1 1 1 2 5 220 1 5 4 2 2 5 4 3 5 5 1 1 5 2 5 4 4 4 5 3 2 5 5 5 2 5 1 4 4 2 4 4 4 2 3 1 3 1 3 1 4 3 5 2 2 4 1 1 5 4 1 1 4 1 5 2 4 3 4 4 4 1 3 4 2 3 2 5 4 1 4 1 2 1 2 5 4 5 2 3 4 5 3 3 1 5 1 5 1 2 3 1 1 3 1 1 4 5 4 5 1 294
5 2 1 5 3 4 3 2 2 1 3 3 4 5 3 2 4 3 2 5 3 3 4 3 5 5 2 5 3 4 4 3 4 3 3 5 4 3 5 4 1 3 4 1 4 3 1 5 1 5 2 5 1 5 1 2 4 1 4 5 1 1 5 2 2 5 2 3 5 1 1 1 1 2 1 4 5 5 4 4 2 4 5 1 1 2 1 1 2 2 3 3 1 1 2 2 3 2 4 220 2 5 4 3 5 4 3 4 4 1 1 2 4 3 2 3 2 1 5 5 5 3 4 1 3 5 3 1 2 2 3 3 3 2 4 4 1 5 3 2 4 4 4 2 1 2 3 5 5 2 5 5 5 5 4 5 4 5 1 5 4 1 4 5 5 3 2 4 1 5 1 1 5 3 5 1 1 4 4 2 3 1 1 1 1 3 3 2 2 4 1 4 1 1 3 1 5 3 4 1 228
2 1 3 1 2 1 3 1 3 3 5 2 5 3 2 2 2 2 5 2 5 3 5 5 3 1 5 4 4 3 3 4 2 2 2 2 1 5 4 1 5 1 3 4 2 2 1 1 5 3 1 2 4 3 5 4 3 2 1 4 5 1 2 3 2 5 5 2 3 2 3 3 3 3 4 5 1 4 2 5 1 5 2 3 4 1 5 2 5 2 4 4 1 4 5 5 5 4 1 4 220 1 4 5 4 4 5 4 4 3 3 2 5 4 3 4 4 1 1 3 2 4 4 5 3 3 2 1 2 4 4 1 3 2 4 2 5 2 4 3 2 1 4 4 4 3 4 2 4 5 1 3 1 3 4 3 2 4 5 1 3 3 1 2 5 4 3 5 5 4 5 5 4 2 4 5 4 3 1 2 5 5 3 5 3 5 5 1 3 5 2 2 3 1 3 4 4 5 2 3 192
5 5 3 4 3 1 1 5 1 4 5 2 5 5 1 4 4 2 3 1 3 5 4 5 5 1 2 3 1 5 4 3 4 1 4 2 5 5 1 4 2 1 5 1 3 4 5 4 1 5 5 5 3 2 1 2 3 4 1 1 3 4 3 1 5 5 2 1 3 2 1 3 2 2 3 2 5 5 2 2 5 5 3 5 4 5 2 2 2 5 3 1 3 2 1 5 3 4 4 4 4 220 2 3 3 2 5 1 1 4 3 5 2 4 1 1 3 2 4 5 2 1 3 1 5 4 5 3 1 2 5 1 4 5 4 1 3 3 5 4 1 2 2 3 5 1 4 4 4 1 2 1 1 1 1 3 4 2 4 2 4 1 2 5 4 4 1 3 5 3 5 3 3 5 2 5 5 2 4 4 1 4 2 3 1 5 1 1 2 5 3 5 4 4 5 2 3 1 4 2 202
5 5 5 3 4 2 3 4 4 3 1 3 1 5 3 5 4 5 3 4 2 4 3 1 5 4 4 5 1 2 3 3 4 2 4 3 4 1 3 1 4 2 4 3 4 5 4 2 2 3 4 5 2 3 1 2 2 4 5 3 1 1 3 2 2 4 4 5 3 3 3 2 3 3 5 4 2 1 5 4 5 4 1 3 5 1 4 4 4 1 1 1 3 3 2 4 4 2 3 4 5 1 220 4 1 2 3 1 3 5 1 3 5 4 1 3 5 4 2 3 4 5 2 1 3 4 5 5 1 4 5 1 4 1 3 4 3 1 5 2 5 4 1 1 4 1 5 4 4 1 4 2 1 3 3 3 3 1 4 3 3 1 2 3 5 1 4 4 2 1 4 2 3 5 1 3 3 2 5 4 4 1 1 4 5 2 2 2 2 1 1 3 2 1 4 4 3 4 5 3 182
1 2 3 5 2 3 2 2 5 2 1 2 1 1 3 1 2 1 4 3 5 1 1 1 5 1 2 3 3 2 1 5 4 3 2 5 2 4 3 1 4 5 3 1 2 4 5 4 1 3 1 3 4 3 5 1 3 3 3 4 2 2 5 2 5 5 4 4 1 1 5 1 1 3 4 1 2 3 4 3 3 2 1 3 4 1 1 1 3 5 2 1 1 1 5 3 4 4 4 2 1 1 2 220 5 4 2 1 4 4 2 2 3 4 1 1 4 4 1 2 5 1 2 1 4 4 5 3 2 3 2 1 5 5 1 1 1 5 3 3 3 3 3 5 4 2 1 2 5 3 2 4 1 2 3 1 5 4 5 2 2 2 2 4 5 2 3 3 1 3 1 5 2 5 5 4 2 2 4 5 3 3 2 1 1 3 2 2 1 3 3 1 1 4 1 1 2 4 5 2 119
2 4 5 3 2 1 4 3 1 5 5 4 3 3 3 3 3 1 5 4 3 3 1 2 2 4 1 5 4 3 3 1 3 5 1 4 2 2 3 2 1 1 2 1 5 3 5 5 1 5 4 5 1 5 2 4 2 2 5 4 4 3 4 4 1 5 5 3 5 1 1 4 4 1 2 5 1 5 1 4 5 1 4 3 5 3 1 4 1 5 5 5 2 4 3 5 3 4 2 5 1 4 5 4 220 2 2 4 4 1 4 4 2 4 5 4 3 2 3 1 1 5 3 4 1 4 3 2 1 1 5 2 2 3 1 2 5 1 2 5 3 4 3 5 3 3 2 4 5 1 5 1 1 1 5 5 5 4 1 2 2 4 2 5 1 3 3 3 2 5 5 1 2 4 5 4 4 2 1 2 1 5 2 2 3 5 5 5 1 4 3 5 5 2 4 4 4 4 1 2 243
5 2 4 1 1 4 2 4 2 2 1 3 1 2 5 4 4 2 3 5 5 4 2 5 4 3 2 2 5 2 3 2 5 3 3 4 4 3 3 3 3 2 3 5 3 4 2 4 3 2 5 3 4 3 2 2 2 1 1 1 3 1 3 5 4 2 4 3 1 5 2 4 4 1 2 1 1 2 3 2 5 5 3 3 5 5 5 1 3 3 4 1 3 2 5 3 2 3 3 4 5 4 2 3 2 220 2 4 5 5 2 1 5 3 5 3 3 4 5 5 3 4 4 5 4 5 1 5 4 2 4 2 3 2 3 2 1 3 3 4 1 3 4 2 1 5 5 4 2 1 1 1 3 4 2 3 3 5 2 2 1 2 2 3 1 3 5 3 2 3 4 1 5 1 4 2 1 3 4 3 3 3 2 3 3 4 1 4 1 1 5 2 5 5 1 4 2 2 2 2 162
3 1 4 3 1 4 3 2 3 1 1 4 1 2 4 1 4 1 3 3 1 4 5 5 1 2 5 1 4 4 4 1 1 5 1 1 1 5 3 4 5 4 4 4 1 4 4 2 5 4 5 3 1 1 2 3 1 4 3 2 2 1 3 4 5 1 4 4 1 4 1 5 2 1 4 2 1 3 5 5 1 3 1 2 3 5 3 4 1 2 2 4 4 5 2 4 5 5 5 2 2 5 3 2 5 4 220 2 5 1 3 2 1 1 5 3 1 2 2 4 3 4 2 4 3 3 4 2 5 3 5 1 1 1 3 1 2 3 1 2 3 3 1 1 5 5 3 1 3 4 1 4 1 1 4 5 4 3 1 3 4 3 5 2 3 4 2 2 5 1 4 4 2 1 1 1 2 2 2 4 4 5 2 5 4 2 4 2 1 5 1 4 3 4 1 3 3 2 4 4 129
1 1 2 4 1 1 3 2 1 4 5 5 1 4 3 2 2 3 4 4 1 5 5 1 3 4 2 4 3 3 5 2 5 5 2 5 5 2 5 5 5 2 5 3 4 3 1 1 4 4 5 5 2 2 3 4 1 5 5 1 2 1 5 1 3 5 2 4 1 2 5 2 1 1 3 1 5 1 5 5 4 1 1 5 3 5 3 4 4 4 2 4 3 1 2 3 1 5 3 5 2 1 1 5 2 5 3 220 1 2 5 2 4 4 4 2 3 3 3 4 5 2 1 3 4 4 1 1 1 4 5 2 5 3 2 1 2 4 5 1 1 2 1 4 1 5 1 1 3 1 2 4 5 4 1 1 3 2 5 3 4 3 5 3 1 3 3 5 5 5 3 4 3 1 5 3 4 4 3 1 5 1 4 1 1 5 4 1 5 4 5 4 2 1 5 3 5 4 1 4 158
4 1 1 5 4 2 1 4 3 1 1 4 3 5 2 1 2 3 1 4 1 4 4 4 1 2 4 4 1 1 2 1 5 1 2 1 5 4 1 4 1 3 3 1 1 2 4 5 5 5 3 3 2 4 3 4 5 1 2 5 1 2 4 4 1 3 1 4 2 1 4 5 3 4 3 4 5 2 4 1 3 1 1 4 5 5 4 4 5 3 4 4 2 2 2 4 2 1 4 1 5 1 1 2 4 1 3 2 220 3 2 3 4 1 1 5 5 4 4 4 1 5 4 2 3 1 2 4 5 3 5 3 5 2 2 5 2 3 1 4 5 2 1 5 5 4 5 2 1 3 1 4 5 4 2 3 2 3 4 2 5 1 3 4 3 2 4 3 3 2 1 4 3 2 1 5 4 2 3 4 5 4 4 2 5 5 5 1 3 4 5 4 4 1 2 5 2 2 1 1 286
4 2 1 3 4 4 4 5 3 4 4 3 4 1 3 3 5 2 4 5 3 4 5 3 4 3 2 3 3 5 5 3 5 4 2 5 3 4 3 4 3 5 3 3 3 2 4 4 2 4 4 1 2 5 1 5 3 1 1 4 2 2 2 4 5 2 3 5 2 5 4 1 4 1 5 5 1 4 5 3 3 3 2 3 3 2 3 2 2 5 4 3 4 5 4 3 2 3 3 1 1 3 2 1 3 3 1 2 1 220 2 4 1 1 5 1 1 5 4 3 5 2 2 4 4 2 5 2 3 4 5 1 2 2 4 2 3 3 5 1 4 2 5 2 1 1 3 3 4 5 5 3 3 5 3 3 3 5 1 1 2 3 4 5 4 5 2 4 3 2 2 3 1 3 5 2 3 4 1 4 2 1 1 3 1 1 5 4 5 1 4 5 4 3 1 4 2 4 3 2 155
5 1 3 2 1 4 1 2 3 4 5 4 3 1 3 1 3 4 4 1 4 4 5 4 3 5 3 2 2 5 3 5 5 4 1 2 1 3 1 3 5 1 4 1 2 1 4 4 5 4 1 1 1 3 1 1 3 4 1 1 3 2 2 2 3 3 1 2 5 3 4 2 2 2 4 2 3 5 2 3 5 2 5 3 5 5 4 5 1 1 4 3 5 1 3 1 3 1 4 1 3 3 2 2 3 2 3 1 5 2 220 1 5 5 4 2 2 2 5 3 5 4 4 4 5 2 1 1 3 3 1 1 5 4 3 3 2 1 2 3 4 3 1 3 1 4 4 5 5 4 1 5 5 2 2 4 3 1 5 4 4 4 3 4 5 1 3 5 5 2 4 2 5 3 3 4 2 1 4 2 2 1 5 5 5 5 3 2 5 3 1 1 5 4 4 5 2 5 1 5 296
3 1 2 3 5 3 3 4 3 2 5 3 4 4 4 1 3 4 2 5 2 1 4 3 3 1 2 4 2 2 4 2 3 2 1 2 1 1 5 1 1 2 4 4 2 5 3 5 5 5 3 2 2 4 2 1 2 2 4 3 4 3 2 2 3 5 5 1 4 1 4 4 1 5 3 3 3 5 2 1 3 4 2 2 4 1 2 2 1 2 5 5 5 5 1 3 3 4 5 5 1 3 4 1 5 3 1 1 3 5 3 220 4 2 4 1 2 3 4 4 5 1 5 4 1 4 5 4 4 4 4 4 3 1 4 4 3 3 1 4 4 1 4 1 2 3 4 5 1 3 4 1 3 2 5 4 1 5 1 2 2 1 1 2 4 5 5 2 1 5 4 1 2 2 4 3 4 2 4 2 4 2 5 3 4 1 3 5 5 1 4 1 2 2 1 5 4 2 2 2 297
3 1 1 5 2 5 1 4 5 3 2 2 4 1 3 2 1 1 4 3 5 4 5 5 2 3 5 1 2 1 1 1 3 2 5 4 1 3 3 1 2 5 4 4 1 1 3 4 4 2 4 2 3 5 4 4 1 4 4 2 5 5 2 4 4 4 1 4 1 3 3 4 4 2 3 5 4 5 5 2 2 5 2 1 1 1 2 4 1 1 2 2 5 4 2 3 3 4 3 4 2 3 3 4 5 1 5 2 5 2 1 2 220 5 3 3 3 2 2 4 4 5 5 1 3 2 1 2 4 5 1 2 2 5 1 5 1 4 4 3 5 1 3 4 1 2 3 2 4 5 3 4 1 1 2 3 5 3 2 1 2 5 1 1 2 3 2 5 5 1 4 2 2 4 5 4 1 3 5 5 3 4 1 2 3 5 4 1 5 5 3 5 3 1 1 2 1 2 3 5 269
2 3 4 2 5 3 1 4 5 1 5 5 1 5 3 2 5 1 5 1 2 5 2 4 1 1 2 1 5 5 3 4 5 3 3 5 4 2 5 1 3 4 4 4 1 5 2 4 1 1 2 5 1 1 4 5 5 5 5 4 4 4 1 5 4 5 4 1 2 2 1 3 3 5 1 3 1 5 4 3 4 3 5 4 3 3 2 5 2 2 5 3 3 3 5 3 1 5 3 2 3 3 3 1 1 5 3 2 3 2 2 3 3 220 4 2 4 1 3 3 1 3 1 1 4 4 2 2 1 1 3 2 5 4 1 2 5 5 4 4 2 1 4 2 2 5 1 1 3 3 5 1 5 4 4 1 4 4 5 3 4 4 2 4 3 1 5 4 3 1 3 4 2 3 3 2 2 1 5 2 4 5 5 4 2 2 1 4 3 1 1 2 1 3 5 4 1 3 3 1 174
3 5 4 2 2 3 3 3 3 4 1 4 1 2 4 5 5 3 5 4 1 4 5 3 4 5 2 1 2 1 4 1 3 1 4 4 4 5 5 5 4 4 2 5 4 1 3 2 1 2 4 1 2 5 4 1 4 5 4 5 5 1 3 4 4 3 4 3 2 5 3 3 3 5 5 1 1 3 1 1 5 2 5 2 5 1 5 5 4 1 2 3 5 5 2 5 5 3 5 5 1 4 3 1 2 3 2 1 3 1 3 3 1 3 220 1 3 5 4 4 2 1 1 2 5 5 2 3 5 1 2 5 5 2 4 3 2 5 1 2 3 4 3 4 2 2 5 2 3 5 1 2 1 4 4 2 4 3 2 5 4 1 1 4 5 5 2 4 2 3 5 5 5 4 3 1 4 1 3 1 3 3 2 3 1 4 2 5 4 2 2 4 4 2 4 2 2 2 1 2 131
2 1 3 4 5 4 3 4 2 3 2 2 4 5 1 1 1 3 1 1 2 3 4 2 3 3 4 3 5 4 2 5 3 3 5 4 5 5 2 3 1 4 2 2 1 5 1 4 2 4 3 4 5 2 3 1 1 4 1 2 3 3 3 1 2 1 5 3 1 1 4 2 4 2 4 1 5 5 1 1 2 1 1 1 1 4 1 4 2 1 5 4 3 5 1 1 5 2 4 2 4 4 4 4 5 3 2 2 3 1 5 4 5 1 3 220 2 4 4 5 2 2 3 4 3 2 3 1 5 5 4 4 2 2 3 3 2 3 1 4 5 4 1 1 2 5 5 5 1 2 3 3 2 1 5 4 5 1 3 3 2 1 3 1 2 2 1 1 3 4 1 1 5 2 1 4 4 4 3 1 4 3 2 4 2 2 1 4 4 1 5 2 3 5 4 5 2 1 2 3 243
4 2 2 4 2 3 3 4 4 5 3 2 5 2 3 2 2 1 5 4 5 3 3 2 4 5 4 1 3 3 2 2 2 5 1 3 3 1 3 5 1 2 3 5 4 4 1 3 1 5 1 4 4 3 2 1 5 5 1 2 4 2 1 5 2 2 4 5 5 4 1 3 3 5 2 1 1 2 5 5 5 2 4 3 2 2 5 5 2 2 2 2 3 2 2 4 1 4 5 1 1 3 1 2 3 2 3 2 5 2 2 2 4 2 4 1 220 2 4 3 3 2 2 1 1 1 5 4 3 3 2 2 5 4 1 5 1 1 1 3 1 3 3 4 4 2 2 3 5 3 5 2 3 3 2 4 1 5 1 3 1 5 1 3 5 4 1 4 5 1 4 2 4 2 2 2 1 4 2 5 2 2 2 3 4 3 4 3 5 1 5 5 5 4 4 2 1 1 1 4 233
1 1 2 1 1 4 5 1 1 1 1 3 2 3 4 5 1 2 2 4 3 1 1 3 4 2 5 3 1 5 4 2 1 4 1 3 4 2 2 3 3 5 3 2 1 5 5 3 5 3 5 4 1 2 1 5 5 3 4 4 2 4 1 3 2 1 3 2 2 1 1 5 4 4 2 2 5 2 2 2 4 5 3 1 3 3 5 1 3 2 4 3 1 2 2 1 3 4 3 1 4 5 4 4 2 1 4 4 5 1 5 5 5 4 4 3 1 220 5 5 4 3 1 2 2 2 4 3 5 3 1 3 3 4 3 2 3 1 3 1 2 2 3 1 5 5 3 2 2 4 2 3 3 5 3 2 2 2 2 2 4 5 5 1 2 2 2 1 5 5 1 4 3 3 5 4 4 4 2 2 2 4 3 1 1 5 3 3 1 4 4 4 2 3 3 4 4 4 1 5 154
2 2 2 5 2 4 1 1 4 5 1 1 4 5 1 3 1 3 4 5 3 1 1 3 2 4 2 5 5 5 4 5 4 2 2 5 3 1 5 5 5 1 4 3 2 4 4 1 5 5 3 4 4 3 5 5 2 4 5 1 1 5 3 3 2 5 3 3 2 3 2 5 1 3 4 1 3 3 3 1 5 2 3 5 1 5 4 3 1 4 1 3 4 4 2 5 2 4 1 2 4 5 4 4 1 3 3 4 4 1 5 4 4 1 3 2 2 1 220 1 4 3 5 1 3 1 1 4 1 1 5 2 5 3 3 2 2 1 3 3 3 3 5 5 3 5 1 1 4 2 5 1 3 4 1 5 1 1 5 4 4 3 1 2 3 4 1 5 3 1 1 1 2 5 2 2 5 5 4 3 1 3 5 4 4 5 3 3 3 3 5 4 4 1 3 4 3 3 2 5 122
4 5 3 3 1 1 5 1 5 2 2 1 4 5 3 4 4 5 5 3 3 2 5 1 3 4 2 3 5 5 1 1 3 4 2 5 3 3 3 1 1 1 4 5 3 5 2 4 4 4 2 5 3 3 3 2 1 5 4 3 4 2 5 5 3 5 3 2 2 1 4 5 5 2 1 2 2 4 4 3 5 3 5 4 3 4 2 4 2 3 4 3 3 4 5 1 4 3 5 3 5 3 3 5 5 1 3 2 3 5 2 3 3 4 4 4 4 2 4 220 5 2 3 4 3 2 3 4 1 4 5 5 4 3 3 1 5 3 1 2 5 2 5 5 1 5 4 4 4 2 1 1 1 1 4 5 4 4 2 4 1 5 4 3 3 2 3 2 2 1 5 2 4 3 3 3 3 1 5 1 1 3 5 5 3 3 3 2 3 3 3 1 1 4 5 5 2 1 5 5 180
1 5 1 3 1 1 3 1 3 1 2 3 4 2 2 3 2 5 2 2 1 3 5 4 4 2 1 2 4 1 5 4 1 5 2 4 3 4 3 3 4 2 2 3 1 1 3 3 3 1 1 4 3 3 2 4 5 1 2 4 1 1 4 2 3 4 2 3 2 1 3 2 1 5 1 4 4 1 3 4 4 3 1 3 5 3 1 4 5 1 3 4 1 2 1 4 2 5 1 2 4 2 5 3 4 5 5 1 5 3 2 1 5 5 1 5 1 2 2 3 220 4 4 2 1 3 2 2 3 2 4 2 3 4 3 2 2 3 5 3 2 3 1 3 1 2 5 1 1 2 5 2 5 4 2 5 4 4 1 4 2 5 4 1 3 2 5 4 1 3 2 4 1 2 5 1 1 5 3 4 1 5 2 5 1 5 1 1 4 2 4 4 1 3 2 2 5 4 4 4 173
5 3 1 2 1 4 3 5 4 5 1 1 5 3 4 3 2 3 3 4 1 3 1 1 4 1 5 5 2 5 3 2 5 3 1 1 5 4 1 1 3 5 2 3 1 1 5 4 2 4 2 2 2 1 5 2 5 5 1 4 2 4 2 4 1 2 4 5 1 3 4 5 1 5 3 3 2 2 3 2 2 2 4 3 5 4 5 3 3 4 4 1 5 1 2 1 4 2 2 4 4 4 5 5 5 3 1 4 5 4 2 1 2 2 2 5 5 3 5 5 3 220 2 2 2 5 5 2 2 1 4 4 4 5 3 2 3 2 4 5 1 2 5 4 2 4 5 4 4 4 3 4 4 5 1 5 3 2 5 4 4 3 3 5 5 3 5 2 1 5 3 5 2 1 4 2 4 1 2 2 5 4 3 1 1 3 2 5 1 2 3 5 1 3 3 4 3 4 4 2 121
5 3 3 2 4 5 2 4 3 1 1 1 1 2 1 2 1 2 1 1 4 3 2 2 2 4 5 4 3 4 4 4 1 1 1 2 5 4 2 3 2 4 4 5 3 4 1 3 2 4 5 2 2 5 3 5 2 4 5 5 4 2 1 3 5 5 1 4 1 1 5 1 3 3 1 2 2 5 5 4 5 4 1 3 4 3 2 5 4 1 1 1 5 1 1 5 2 1 3 4 4 5 5 1 1 3 5 2 4 2 3 4 4 3 1 1 3 1 3 2 2 3 220 5 1 4 4 3 3 5 4 2 1 3 3 1 3 5 3 1 5 4 3 3 4 5 2 5 1 5 4 1 3 1 5 1 4 2 4 2 5 1 1 3 4 4 4 4 5 3 1 4 4 5 3 2 2 5 1 4 3 1 5 4 2 5 3 5 1 4 4 1 3 2 4 4 2 1 4 5 172
1 2 5 4 3 4 4 3 4 2 3 4 1 1 2 2 5 5 2 3 5 2 4 5 2 5 2 3 3 5 1 5 1 1 4 5 2 4 5 1 3 2 4 2 5 2 5 4 2 3 5 5 2 5 1 3 2 5 1 4 1 2 5 3 5 5 3 1 3 4 3 4 1 1 4 5 2 5 4 5 5 2 1 5 3 1 2 1 5 3 2 5 2 5 5 3 1 1 1 4 4 4 1 2 4 1 5 2 5 1 2 1 1 3 5 5 2 3 2 5 2 1 2 220 5 5 1 3 2 4 3 2 1 2 2 4 4 3 5 5 5 1 3 1 3 1 4 4 5 1 4 4 3 1 1 1 2 4 1 2 2 2 2 1 3 5 2 4 5 5 3 5 5 2 2 5 2 3 4 4 4 1 2 1 5 4 5 4 1 3 5 3 2 1 4 1 5 4 3 1 296
1 4 2 4 1 3 1 4 4 3 4 5 4 2 1 3 2 4 1 4 5 2 5 3 2 5 5 1 4 5 1 2 5 4 3 3 2 3 5 2 2 3 5 3 1 5 2 2 3 3 1 1 5 5 4 1 3 4 3 5 5 2 1 3 4 4 5 1 1 4 5 5 2 5 2 3 2 1 1 2 3 1 2 4 5 1 2 3 2 3 4 3 2 5 5 4 5 3 3 3 2 1 2 3 3 3 4 4 5 1 2 5 2 2 3 2 2 5 2 4 5 2 1 1 220 2 1 5 1 2 4 1 4 2 3 1 1 3 1 1 5 4 3 5 5 5 1 3 4 2 5 4 4 5 5 2 4 5 3 1 1 2 5 1 3 3 2 5 4 3 2 2 3 1 1 5 5 5 3 5 2 3 5 2 4 4 3 4 1 1 4 4 4 2 3 3 2 3 5 4 212
3 1 5 1 1 1 3 2 1 5 3 3 4 2 2 5 5 1 5 5 1 2 1 4 1 1 5 4 4 1 5 3 4 1 2 4 5 3 5 2 5 1 2 5 5 4 1 2 2 5 2 4 2 4 4 5 1 4 3 5 1 4 4 3 3 1 4 2 4 5 4 3 1 2 2 1 4 1 3 5 1 5 3 2 3 3 2 5 3 3 5 3 4 4 4 4 3 1 4 3 2 2 1 4 5 4 1 4 2 4 4 3 2 4 2 5 3 4 2 5 5 5 1 4 5 220 4 3 1 4 5 4 5 4 3 3 2 1 3 4 3 5 4 5 4 4 1 3 3 3 1 5 2 1 5 1 5 3 5 4 2 3 4 5 2 1 5 1 4 5 3 4 5 5 5 2 4 2 5 4 1 5 5 4 2 3 3 4 2 3 5 2 5 2 5 4 2 3 3 4 156
3 3 2 1 1 1 3 3 4 5 1 5 3 2 2 1 1 2 1 2 1 4 2 3 2 2 1 1 4 4 4 5 3 2 4 3 4 1 1 4 1 4 1 2 3 5 2 4 4 5 3 4 4 3 4 1 4 5 3 1 3 2 1 2 1 4 2 1 2 5 5 4 5 4 1 5 5 4 4 1 1 1 1 5 5 1 4 1 3 2 3 2 2 3 4 4 1 1 2 3 1 4 4 4 2 4 2 4 3 4 3 3 4 2 3 2 3 5 5 1 4 4 2 2 5 3 220 5 1 4 1 5 2 4 5 1 4 4 3 5 5 5 5 3 3 3 2 4 1 5 1 5 2 4 5 1 2 2 1 1 5 4 5 5 3 1 1 4 4 2 4 5 5 2 5 3 2 5 1 1 4 5 2 3 4 5 3 1 2 5 2 3 2 3 1 5 1 1 4 5 295
5 3 1 2 5 5 4 3 5 3 2 1 1 3 1 5 4 3 2 4 5 3 2 2 1 5 5 4 1 4 5 2 2 3 5 4 2 5 5 1 3 4 3 1 3 4 4 1 3 2 1 2 5 5 2 3 1 4 4 4 1 2 3 4 5 4 2 3 4 2 1 4 2 1 5 2 2 5 3 5 2 4 5 1 5 1 2 5 3 4 1 5 5 3 4 5 2 5 4 4 5 4 1 1 4 3 1 4 3 1 1 1 1 5 2 4 2 5 1 4 1 1 2 5 1 2 2 220 4 1 3 3 2 4 2 2 5 5 5 3 2 5 2 2 2 4 2 3 1 2 4 2 2 3 3 1 5 1 2 5 3 2 2 4 3 3 1 4 4 4 4 3 4 1 4 4 2 5 4 4 1 3 4 1 1 5 4 1 2 2 3 1 2 2 4 2 2 2 4 4 286
5 1 3 5 2 5 5 5 2 3 3 2 1 1 5 5 1 2 4 4 3 3 4 3 3 3 1 4 3 2 3 1 3 2 2 4 1 1 5 4 5 3 3 5 2 5 3 5 3 2 2 4 3 1 3 3 5 4 3 4 3 3 1 1 5 3 3 3 2 5 2 1 4 1 3 4 3 5 4 1 3 4 1 4 1 3 4 3 4 4 1 5 3 4 5 3 1 3 3 5 3 5 5 4 2 3 3 1 1 3 1 4 3 5 2 2 3 1 5 1 3 1 1 4 2 5 1 3 220 1 2 5 5 2 1 2 4 3 3 2 3 5 1 5 1 3 2 5 5 5 4 3 3 4 3 2 4 5 3 2 4 5 3 3 2 5 4 5 3 2 4 5 2 1 5 2 4 3 5 2 5 5 2 5 3 1 5 2 4 3 2 1 5 5 1 4 5 3 2 3 259
5 5 5 4 3 2 4 2 1 1 4 2 5 2 2 5 3 2 5 1 3 4 5 1 3 1 4 1 5 1 2 1 1 5 2 2 1 1 4 1 5 2 3 1 5 2 2 3 2 4 2 4 2 3 1 1 4 5 2 3 2 3 1 2 4 5 2 5 3 3 2 3 5 1 1 3 2 1 1 5 1 1 3 1 5 1 5 1 2 4 5 1 3 5 4 1 4 3 3 4 3 4 1 3 1 3 5 3 4 2 2 4 2 3 5 3 1 5 5 3 4 1 4 1 3 1 3 3 4 220 3 3 5 4 1 3 2 3 5 2 3 4 1 5 5 4 3 2 2 5 5 4 1 4 2 5 1 4 1 5 4 2 2 2 2 1 1 2 2 4 5 5 4 3 3 2 1 4 4 4 3 2 5 4 1 3 5 4 2 5 1 4 1 4 1 4 5 5 1 5 127
1 3 2 2 3 3 3 1 1 4 2 2 4 2 5 5 3 3 1 1 2 1 1 4 4 4 5 5 3 5 2 4 1 2 2 1 3 1 2 4 2 1 2 1 3 5 4 3 3 2 3 5 2 3 2 4 5 4 3 3 3 3 5 5 4 4 2 3 5 5 3 4 2 1 5 3 3 3 2 1 2 2 2 1 5 4 3 3 5 3 2 5 3 2 2 4 4 2 2 2 4 2 5 1 4 5 5 4 2 4 3 5 4 2 1 3 2 1 5 3 4 4 2 3 1 5 2 3 4 2 220 2 5 5 3 5 5 2 3 2 3 3 2 1 4 5 1 2 5 5 4 3 2 4 4 4 3 5 2 5 4 4 2 1 3 1 5 1 4 1 1 5 4 5 4 1 2 2 1 5 2 1 4 5 3 3 4 1 5 2 4 1 3 4 2 3 3 5 3 4 242
2 5 1 3 2 1 1 5 4 2 4 4 3 4 3 3 2 2 1 5 3 5 5 3 5 3 4 3 4 5 4 2 3 5 2 3 2 5 5 3 4 3 1 2 5 4 5 3 1 3 5 4 5 2 5 4 5 3 4 3 5 2 2 1 4 2 3 4 1 4 5 5 4 3 3 2 2 4 2 4 3 3 2 3 5 1 4 3 3 1 4 2 1 1 5 5 3 1 3 2 2 4 3 5 5 5 1 2 3 1 3 3 2 1 4 3 1 1 1 3 2 3 4 5 3 4 1 1 2 5 2 220 4 2 3 4 2 1 2 4 5 3 5 3 2 5 1 5 5 3 4 1 1 5 5 4 1 5 4 3 5 3 1 1 4 5 4 3 1 2 2 1 2 4 2 4 1 1 4 5 1 3 5 3 3 3 2 5 4 3 5 2 5 3 1 3 2 5 2 5 185
3 2 1 3 3 3 2 5 3 4 2 5 5 5 4 2 1 4 2 2 1 2 4 2 5 4 2 4 3 3 3 5 5 2 3 3 4 2 3 3 3 5 3 2 4 2 5 1 4 2 1 5 5 2 3 3 1 2 3 4 3 3 2 1 5 5 2 1 1 1 2 5 3 3 3 1 3 2 2 2 4 5 3 3 4 2 2 1 1 3 4 2 5 1 2 4 1 2 2 2 5 2 2 1 2 4 2 3 5 2 1 1 1 1 5 3 1 4 3 3 1 4 5 3 2 1 1 3 5 1 4 3 220 2 5 5 5 4 3 2 5 3 2 4 5 4 4 3 2 2 1 5 1 2 4 5 3 2 4 5 5 5 5 2 1 1 1 4 1 3 3 4 5 5 4 5 3 4 4 5 4 1 1 2 2 2 5 1 5 5 2 3 5 4 2 4 5 4 1 4 277
2 4 4 3 2 3 3 3 3 1 4 1 4 2 1 4 5 2 1 5 1 1 5 4 4 3 5 5 5 3 5 1 2 5 2 4 2 2 4 1 2 4 5 4 3 4 3 1 3 5 3 4 2 5 1 1 2 2 3 3 2 2 4 1 1 3 1 1 5 1 1 2 1 2 1 5 2 1 4 2 2 5 2 1 5 4 3 1 2 5 2 4 5 1 1 2 3 5 4 1 1 2 3 5 1 3 4 5 4 1 3 5 2 2 2 4 4 3 1 3 5 5 4 4 5 5 5 3 3 5 4 2 5 220 4 5 2 1 5 4 3 4 5 5 1 4 5 1 5 3 3 1 2 4 1 2 4 2 3 3 4 2 3 3 1 3 3 1 2 1 5 4 1 2 4 5 2 3 4 3 4 2 3 1 5 1 2 1 4 3 1 3 1 1 3 3 2 5 2 5 170
5 1 1 2 1 2 3 1 1 5 1 2 3 3 5 3 2 1 1 4 5 4 3 3 3 5 5 3 1 2 5 1 4 5 3 4 2 4 4 1 1 5 3 3 5 2 1 3 2 4 1 4 2 2 4 2 3 3 5 2 4 3 4 3 2 5 4 1 2 5 4 4 1 4 3 1 5 4 1 1 4 4 2 2 2 4 4 3 5 5 4 5 2 4 1 4 2 3 3 3 3 4 5 4 3 1 2 1 1 3 3 4 1 5 5 5 4 4 5 5 1 4 5 5 2 1 1 5 4 1 3 3 3 2 220 4 2 4 4 3 4 1 2 1 1 1 3 4 3 5 3 2 2 3 2 5 2 2 1 5 4 2 3 1 4 3 3 1 5 3 1 1 5 5 5 5 1 1 2 4 2 3 3 3 1 2 4 5 5 4 2 5 5 1 4 2 1 5 2 4 128
5 4 3 1 1 2 5 4 2 1 5 3 1 1 2 2 1 1 2 4 1 5 3 3 4 3 2 2 2 2 5 1 3 4 1 2 1 4 1 4 5 3 2 3 1 5 2 5 4 2 1 2 3 4 3 3 5 3 3 5 4 1 1 2 3 4 1 3 2 2 1 4 1 2 2 2 2 3 4 4 4 1 4 2 5 2 5 3 5 3 4 4 5 3 4 3 3 4 5 4 5 3 5 3 2 3 3 5 5 4 3 2 1 5 2 5 2 3 3 5 4 3 2 2 1 4 2 4 3 1 4 1 2 1 4 220 3 2 1 4 5 2 1 4 5 1 4 4 5 5 1 3 3 1 3 1 1 5 3 3 4 4 2 5 2 2 4 4 1 5 1 2 4 1 2 2 1 2 3 5 1 4 2 1 4 5 2 2 4 4 1 1 5 1 2 4 2 1 3 4 219
5 5 4 2 2 4 2 4 3 3 2 2 3 1 1 2 4 4 5 2 5 3 1 5 5 4 3 4 4 2 2 1 1 4 3 5 2 1 5 4 2 4 2 3 1 2 1 4 4 1 4 3 1 4 2 2 1 4 4 1 2 5 4 5 3 4 2 3 2 1 2 5 4 2 2 2 4 2 1 1 3 5 3 1 1 3 1 1 1 5 5 5 5 2 1 1 5 3 3 1 1 4 4 3 4 1 3 4 5 5 5 2 3 3 5 1 4 3 1 1 5 5 3 3 5 3 4 2 2 5 4 1 2 5 3 4 220 3 3 4 5 3 1 1 1 5 1 5 5 2 3 1 5 5 1 3 5 4 2 2 5 5 2 5 1 4 4 1 3 1 3 5 3 5 2 4 3 2 4 1 5 3 2 3 2 1 3 5 2 4 3 5 3 1 3 5 3 2 4 5 206
4 4 2 2 1 5 1 1 5 5 2 5 1 2 2 4 4 3 4 1 1 2 1 1 5 1 4 3 1 3 1 1 5 5 3 5 3 1 2 1 1 5 3 1 5 2 3 4 1 1 3 3 1 5 2 4 2 1 5 4 5 4 4 3 4 5 3 1 4 3 2 1 1 4 5 2 2 2 2 5 1 4 2 3 3 4 1 1 4 2 4 2 5 5 5 1 4 5 1 4 5 2 3 3 2 4 1 3 1 2 3 2 1 4 4 3 1 4 2 1 2 4 4 1 1 3 5 2 2 1 1 2 2 5 4 4 4 220 2 4 2 4 2 1 3 5 3 3 2 4 4 4 3 5 2 3 5 2 3 3 1 5 2 5 3 4 3 1 5 3 4 3 2 3 5 3 2 2 2 2 3 4 5 2 2 1 4 1 3 3 2 4 3 2 4 2 4 1 3 4 160
2 5 5 1 4 1 1 2 3 3 1 4 5 2 2 2 5 1 1 1 3 5 2 5 1 2 3 3 1 4 4 2 4 5 3 1 5 4 4 4 2 1 3 2 3 1 3 2 1 5 3 3 3 1 3 5 3 3 2 4 5 3 5 4 1 5 4 3 5 4 3 1 1 5 5 2 2 2 2 5 1 2 5 1 2 1 1 3 3 4 2 2 5 4 5 1 3 5 3 2 5 5 4 3 1 5 1 2 3 4 5 2 5 1 2 5 4 1 5 3 3 5 1 2 4 2 3 4 2 4 4 3 3 5 4 4 4 2 220 1 2 4 4 5 4 1 4 3 3 2 4 5 3 5 2 3 4 3 1 1 2 3 5 1 3 3 1 1 5 5 3 4 2 5 1 2 1 3 5 1 5 2 5 3 5 4 5 1 1 2 2 3 1 4 2 4 1 3 4 1 141
3 1 2 1 1 4 2 3 5 2 2 2 4 2 2 5 2 2 3 4 2 4 2 4 4 2 4 2 2 5 1 2 2 1 4 2 5 2 3 3 3 5 2 2 4 4 3 1 3 2 4 5 2 5 1 2 3 5 4 5 4 5 1 2 5 1 5 2 3 3 3 5 3 2 4 1 3 1 4 3 3 3 4 1 5 1 3 5 4 1 5 4 2 4 5 1 5 5 4 5 2 3 3 4 5 3 2 4 2 1 4 2 1 3 5 1 1 4 3 3 5 3 4 1 3 5 2 2 1 3 4 2 3 5 5 5 5 4 3 220 2 2 4 4 1 5 3 4 5 1 1 3 4 2 2 2 2 3 4 1 1 2 3 4 5 1 5 2 2 2 3 5 2 4 1 5 1 3 4 5 2 5 1 5 3 3 2 2 1 2 3 5 2 5 2 1 2 2 3 5 225
4 5 4 1 3 1 2 3 5 5 4 2 4 4 3 5 5 2 2 5 5 2 4 2 5 5 2 2 5 3 1 4 3 2 2 5 5 4 3 2 3 1 3 1 3 4 1 3 4 3 3 3 1 1 1 5 5 4 2 5 1 2 5 2 1 1 4 1 3 2 1 1 5 1 3 4 2 4 3 1 3 1 4 3 3 4 5 3 1 5 2 1 1 2 4 5 1 4 2 2 3 3 2 5 2 5 5 1 5 4 1 4 3 3 2 5 1 4 1 1 1 2 2 5 2 2 5 1 2 4 3 3 3 2 4 1 1 1 1 3 220 3 3 3 5 3 4 1 3 2 4 1 3 5 2 2 5 1 5 3 2 3 3 4 1 1 2 4 4 5 1 1 1 5 5 2 3 1 1 5 4 1 4 5 4 3 3 5 2 4 1 4 4 3 3 2 4 2 1 4 282
1 2 5 2 4 4 4 5 1 2 3 3 2 4 4 4 3 5 1 1 2 1 2 2 1 1 4 2 5 1 4 5 3 2 5 2 2 1 4 1 5 1 3 2 5 5 1 5 3 3 4 4 1 2 4 5 5 3 3 4 4 5 1 4 3 1 3 2 1 3 1 2 2 1 3 4 1 3 2 2 3 4 1 3 5 2 5 5 1 1 5 3 2 1 5 4 2 4 5 2 2 1 4 3 3 1 4 4 5 1 3 2 3 3 5 1 1 4 4 2 5 1 3 5 3 1 2 1 1 4 5 3 3 4 1 2 2 3 5 2 5 220 5 1 1 5 4 5 4 1 2 5 1 1 1 1 3 5 4 1 4 1 2 3 2 3 1 4 4 3 2 4 5 1 3 1 5 1 4 2 5 3 3 2 4 2 3 5 1 5 1 1 5 2 3 2 1 2 1 1 158
2 4 2 5 1 1 2 2 5 2 3 3 2 2 1 3 3 4 1 3 1 4 5 2 4 3 3 4 2 5 3 3 4 5 3 5 3 1 2 2 5 1 5 1 2 4 2 1 2 3 1 4 2 4 4 4 3 1 3 3 1 2 1 5 5 4 1 2 2 5 4 3 4 5 1 1 4 5 2 1 3 5 4 1 2 3 5 3 5 2 4 2 2 4 1 1 5 3 5 4 3 1 2 2 2 2 4 1 5 1 1 5 3 1 1 4 2 5 5 4 4 2 1 5 3 4 3 4 1 4 2 2 1 2 2 5 2 2 4 3 3 5 220 2 5 4 5 2 1 2 1 5 4 4 1 5 1 4 3 2 2 2 3 1 4 1 1 3 3 4 2 2 4 2 2 5 1 3 5 4 2 4 3 5 2 2 3 5 1 1 1 5 4 2 2 5 4 3 1 3 242
3 1 5 2 1 1 5 3 3 2 2 4 1 5 4 3 2 2 4 5 3 5 2 5 4 3 1 2 5 4 4 3 4 2 5 1 3 3 1 4 2 1 4 4 1 5 4 5 3 3 5 2 3 1 2 3 5 1 3 5 3 3 1 2 5 5 2 1 5 3 1 2 3 2 5 5 5 2 5 2 3 5 1 1 5 3 4 1 4 1 4 3 4 3 3 4 1 2 2 1 2 2 2 3 1 3 2 3 3 5 1 2 4 5 1 1 4 3 1 3 4 4 1 1 2 4 5 4 4 1 1 3 3 5 3 4 5 2 1 2 3 4 4 220 2 3 3 4 1 2 5 3 5 1 1 4 5 3 4 3 3 3 5 1 1 3 5 4 3 5 5 3 2 1 4 4 5 2 1 2 4 2 5 1 5 5 5 5 1 4 5 2 3 5 2 1 4 2 1 2 180
2 4 3 2 3 2 2 2 4 2 5 4 5 3 3 2 1 5 3 3 1 3 4 1 4 2 1 3 2 3 3 3 5 1 3 5 2 3 5 1 1 1 5 3 3 2 2 2 1 3 4 3 4 4 5 3 1 5 2 2 5 2 4 4 1 2 4 4 2 4 5 4 2 1 3 4 1 5 3 1 1 3 2 5 3 1 5 2 3 2 1 2 3 4 1 1 4 5 3 1 1 3 5 2 1 1 5 1 3 4 4 4 1 4 3 2 2 3 4 3 2 2 3 4 2 1 3 1 5 5 4 2 5 3 4 1 1 3 2 2 5 4 4 5 220 4 5 5 3 5 1 2 2 4 4 2 2 1 4 1 1 3 4 5 5 4 4 4 3 3 1 5 2 3 4 5 2 2 3 3 1 4 1 2 1 3 4 5 3 2 1 5 1 3 1 4 5 3 2 4 124
1 4 5 3 1 5 5 3 2 5 4 2 5 4 1 2 3 4 1 1 2 3 2 1 2 3 4 2 1 2 2 2 3 3 4 1 1 5 4 5 1 3 5 3 5 4 3 1 1 1 5 3 1 5 4 3 1 1 2 1 3 4 5 3 2 3 4 2 4 2 3 3 4 3 1 5 2 4 2 4 5 5 4 2 3 2 2 1 5 2 4 4 4 5 3 3 1 2 4 2 5 4 2 1 3 3 1 1 1 1 4 4 2 3 3 4 4 2 3 4 3 5 1 5 4 3 4 4 3 2 1 3 1 1 4 4 2 1 4 2 1 1 4 1 2 220 3 5 1 1 5 3 2 4 5 1 4 4 4 4 3 4 5 5 5 2 5 5 1 5 2 1 1 3 2 4 3 1 2 4 4 3 3 3 3 4 5 2 2 5 5 2 3 5 1 1 4 5 1 3 278
3 4 2 3 3 5 5 5 5 5 4 5 5 1 5 2 1 2 3 1 5 5 3 5 1 2 1 2 5 3 2 4 4 5 4 3 5 1 5 2 5 1 1 3 5 1 1 4 1 5 5 3 1 1 4 2 5 3 4 3 1 3 3 2 4 4 4 1 5 5 3 3 4 2 1 3 4 4 1 5 4 3 2 1 2 2 3 1 1 4 4 4 4 5 3 4 1 4 4 3 2 2 3 2 2 4 2 2 1 4 1 3 1 1 3 1 1 1 5 2 5 3 3 1 3 2 4 2 3 5 2 4 5 3 3 3 4 3 3 4 4 3 1 5 4 2 220 4 4 5 3 3 5 1 5 3 5 5 5 4 4 5 1 2 3 1 3 5 1 4 3 1 2 1 1 5 4 2 1 2 2 2 5 4 5 2 2 3 4 3 5 1 2 5 2 4 1 4 2 3 295
3 3 3 1 2 5 5 5 3 3 3 3 3 5 5 4 1 5 4 3 4 3 5 3 4 3 2 1 1 3 2 1 5 1 1 1 5 1 1 3 2 1 4 5 2 1 1 2 2 5 2 5 5 5 4 5 2 2 1 5 3 3 5 5 2 4 1 4 4 5 5 1 4 5 4 1 3 5 2 1 3 3 5 3 1 4 1 2 5 5 1 3 4 5 3 2 5 5 2 2 5 4 4 1 2 4 2 5 1 1 1 2 4 5 1 4 1 3 5 4 2 1 5 2 4 4 4 3 1 3 3 3 1 1 4 2 3 1 3 2 3 4 3 1 1 1 4 220 5 2 4 1 4 5 4 2 5 3 5 4 2 2 2 4 1 3 1 1 4 5 1 5 1 5 4 4 2 4 4 2 2 5 3 3 5 5 3 5 1 3 1 2 5 4 4 2 5 5 5 3 276
1 4 1 4 1 2 2 5 1 4 2 3 2 1 4 4 3 5 4 2 2 1 3 2 2 4 4 3 3 3 3 1 5 4 4 2 3 4 1 2 4 2 4 2 5 5 1 1 5 5 3 4 2 5 5 2 4 3 1 5 5 2 2 3 4 3 5 4 3 1 5 2 2 2 4 2 5 3 2 5 1 3 4 2 1 1 1 5 3 5 2 2 3 1 4 3 4 4 2 5 2 5 5 4 1 1 4 3 4 5 3 1 1 3 4 2 2 1 4 2 3 2 5 2 3 3 4 5 1 5 2 1 3 5 2 4 5 1 3 1 4 2 2 4 3 3 1 5 220 4 5 1 1 1 2 1 1 4 3 4 4 5 5 3 5 1 1 1 1 1 5 3 4 3 4 5 5 2 5 3 5 2 3 3 1 4 2 5 2 2 4 1 4 1 1 2 4 5 3 3 186
4 1 3 5 3 3 2 4 2 3 4 4 4 2 2 3 5 2 3 3 2 2 3 4 5 2 2 1 5 2 2 2 2 1 4 5 2 1 3 5 3 4 3 1 2 2 2 3 3 3 5 1 2 1 5 2 5 3 4 1 1 2 4 4 5 3 3 2 2 4 4 2 4 1 4 3 4 1 1 4 3 5 3 5 5 1 5 2 3 3 4 3 2 1 1 3 1 3 1 2 3 5 1 3 3 2 2 5 2 2 1 5 4 4 1 4 2 1 3 1 2 3 1 1 4 1 2 1 1 5 3 4 2 5 3 3 4 3 4 2 1 4 3 2 1 4 5 5 3 220 2 3 4 5 1 3 4 3 3 1 1 5 1 3 4 1 5 3 5 3 5 3 2 2 4 3 2 2 5 4 2 4 1 4 2 2 5 2 5 1 1 5 1 2 5 5 5 2 3 3 297
1 4 5 1 5 2 5 2 5 4 3 4 5 5 1 4 4 4 1 2 4 1 2 5 4 4 4 4 5 3 1 5 4 2 4 2 2 5 3 1 5 2 3 4 2 1 5 3 2 1 2 5 4 5 2 4 5 4 4 2 4 3 2 4 4 5 5 4 1 3 5 3 1 3 1 3 3 3 3 1 4 2 3 4 2 1 2 2 5 3 3 2 1 1 2 5 4 3 1 4 4 2 3 4 5 5 2 1 1 3 1 5 4 3 4 1 4 3 4 2 2 5 3 4 3 3 3 5 3 4 5 1 4 2 1 1 1 1 5 3 3 3 1 4 1 3 3 5 5 4 220 5 5 4 2 2 1 4 4 3 4 1 4 4 3 5 3 1 1 5 1 1 1 2 4 1 4 1 5 4 5 2 4 3 2 4 4 2 4 1 5 4 3 4 2 4 1 1 4 2 246
3 5 4 2 1 2 1 3 1 2 3 5 4 5 2 5 2 4 2 5 3 5 4 5 1 3 2 5 2 4 2 4 3 1 2 5 2 4 2 4 2 1 3 2 3 4 3 2 1 5 1 5 3 1 2 5 1 4 1 2 4 3 4 2 1 1 3 3 5 4 5 4 1 4 3 4 4 5 4 5 2 4 5 2 3 1 1 1 1 5 5 5 2 4 5 2 4 4 1 3 5 2 4 3 4 5 5 2 4 5 3 3 4 2 3 5 4 2 5 4 5 4 5 4 4 1 1 3 5 5 4 5 5 3 3 4 1 4 3 2 1 4 2 1 4 5 1 3 3 4 1 220 5 1 2 5 2 1 3 2 3 2 3 2 4 4 3 5 1 3 5 3 1 1 3 4 1 2 5 5 1 5 2 5 2 5 1 1 4 3 3 4 1 2 4 1 3 1 3 2 165
1 1 2 1 4 2 2 1 3 3 4 2 3 5 5 1 4 3 5 3 5 1 2 3 1 3 1 1 1 1 4 4 3 1 5 1 5 3 1 3 3 1 2 1 3 3 2 4 2 5 3 3 2 5 1 5 2 3 3 2 1 1 5 4 5 4 3 2 4 3 2 2 5 1 1 5 1 5 4 5 3 1 3 5 1 4 4 1 4 2 2 4 4 2 2 5 5 1 3 1 4 5 4 5 5 4 4 1 1 5 5 3 3 3 1 4 1 1 1 1 3 5 3 2 4 3 5 4 1 2 5 1 1 5 1 5 2 1 1 1 3 5 4 1 3 4 5 5 2 2 1 3 220 5 1 3 4 1 1 5 5 2 1 2 1 4 3 2 1 3 2 5 3 1 5 3 4 3 4 3 4 4 1 5 3 5 3 2 5 2 2 5 4 3 3 1 3 1 3 2 278
5 2 2 3 2 5 3 5 4 2 2 4 2 3 3 4 3 2 2 3 3 2 5 2 2 3 4 1 2 4 4 5 4 5 5 4 2 2 3 1 2 1 1 2 1 5 3 3 5 4 3 4 1 3 2 4 1 3 2 4 1 2 4 5 4 4 5 4 4 1 1 1 2 3 2 1 3 1 4 2 3 4 5 5 1 3 3 2 4 5 5 2 2 2 2 4 1 5 3 1 5 5 4 3 3 4 1 5 4 2 3 1 5 5 3 3 2 1 3 1 3 3 3 5 5 4 3 3 4 2 3 1 4 2 2 2 3 3 3 5 4 5 5 5 4 5 3 2 4 2 2 2 3 220 2 5 4 2 3 2 5 3 5 1 5 1 4 4 4 1 1 5 4 1 1 3 3 2 4 1 1 5 4 5 2 5 2 2 3 1 1 1 3 3 4 4 4 3 3 1 281
3 3 3 2 1 4 5 1 1 5 4 5 4 4 2 5 1 1 1 2 3 4 5 4 2 5 3 2 4 1 2 4 5 1 1 5 5 1 5 5 1 4 1 3 1 3 3 5 5 4 1 4 5 1 2 1 2 1 5 3 3 4 4 5 2 1 3 1 2 3 1 3 5 4 5 5 1 1 2 3 4 2 4 3 5 5 2 4 4 3 1 5 4 4 2 4 1 3 3 2 1 3 5 1 2 3 3 5 3 3 1 1 2 4 5 2 1 2 1 5 5 5 2 5 3 5 5 1 3 3 2 5 3 3 4 2 2 2 4 4 1 1 2 4 1 3 5 4 5 3 1 5 4 4 220 4 1 1 3 2 3 1 3 1 4 5 3 5 1 2 3 5 4 2 3 3 3 3 2 1 3 3 5 4 5 2 3 5 3 4 4 5 1 2 1 4 5 3 3 2 272
5 4 4 5 4 5 4 1 4 4 4 2 5 3 3 3 5 2 2 4 1 2 2 5 3 3 4 4 2 3 1 2 1 3 2 2 4 1 4 3 1 5 1 4 5 1 5 3 2 5 2 5 5 3 4 1 4 3 4 3 3 3 3 5 4 1 5 2 3 2 5 3 5 5 4 4 3 2 3 4 2 5 3 5 4 2 3 5 1 1 3 1 5 5 3 5 1 3 4 1 5 1 2 2 3 3 1 2 1 3 3 2 4 3 3 1 5 1 3 2 4 4 4 5 4 3 2 5 4 4 4 3 4 2 2 1 1 4 2 3 2 5 1 3 4 2 1 1 3 2 1 3 1 2 2 220 1 3 4 3 1 1 1 4 4 1 3 3 1 2 2 5 3 2 2 2 4 1 4 5 5 5 5 1 4 3 1 3 1 1 5 5 2 1 5 4 2 1 2 1 153
2 5 5 2 5 1 2 1 1 3 5 3 4 1 1 3 4 1 1 4 1 3 1 3 1 2 4 5 3 2 4 2 2 1 5 3 3 1 1 5 1 3 1 3 1 3 5 1 2 4 2 2 2 3 2 1 4 3 4 5 1 1 2 5 4 1 5 2 2 3 2 5 5 4 3 1 4 1 5 2 5 5 4 3 4 2 1 4 1 2 3 2 4 2 5 3 1 3 5 3 1 3 5 4 2 3 5 4 2 5 1 1 2 2 4 1 1 4 3 5 4 1 1 3 4 1 3 2 2 5 5 4 3 2 4 5 5 5 1 3 1 5 5 1 1 3 1 3 2 2 3 4 1 3 2 5 220 4 5 4 1 4 4 3 2 2 5 2 4 1 4 5 4 4 1 3 2 2 5 3 3 3 2 4 1 1 2 5 5 5 4 5 3 3 2 4 2 4 4 5 211
5 5 1 1 2 2 5 3 4 4 4 3 5 3 3 1 5 2 4 4 1 5 4 1 3 4 3 2 1 2 4 1 2 3 5 2 3 5 4 4 4 4 3 3 3 3 3 3 1 3 5 5 1 1 5 1 4 4 1 1 3 4 5 2 2 4 4 5 4 1 4 3 1 5 5 1 3 5 3 4 3 2 1 2 2 4 1 3 3 2 4 5 4 1 3 4 3 1 5 3 4 4 2 4 5 1 4 4 1 1 5 5 3 1 5 5 3 3 3 2 5 1 2 4 3 1 5 1 1 5 3 3 4 2 4 2 4 2 2 3 5 3 5 4 5 5 1 2 5 5 5 2 2 4 5 4 2 220 4 1 2 1 3 3 5 4 3 4 5 5 1 4 4 1 1 1 2 4 1 2 1 4 5 1 4 2 3 1 1 2 5 2 3 4 2 5 5 5 3 4 228
5 1 1 5 3 3 4 2 5 1 4 3 2 1 1 5 3 1 1 5 3 4 4 4 4 5 4 2 2 3 5 4 3 3 3 5 5 4 1 1 5 5 4 5 3 4 3 5 5 5 4 5 2 2 4 2 3 1 4 3 2 5 3 1 3 1 5 2 5 5 1 1 4 1 4 4 4 5 5 3 2 3 1 3 2 2 3 3 3 3 5 2 2 3 5 5 1 3 4 1 1 1 1 5 1 4 1 1 5 3 1 1 3 4 5 2 5 2 1 1 2 3 3 5 4 2 5 3 5 1 2 3 1 3 1 5 3 1 4 4 5 4 5 4 1 4 3 1 1 2 2 2 1 2 2 1 4 3 220 3 3 4 5 4 5 5 4 2 3 2 1 5 1 4 2 1 1 5 5 5 4 1 1 5 5 1 4 4 3 5 5 4 5 5 2 2 3 5 4 4 195
4 1 2 2 1 4 4 4 3 5 1 1 4 5 5 1 3 1 4 4 2 2 1 4 3 1 2 2 4 1 5 4 1 5 5 3 1 1 5 4 3 3 1 3 2 4 4 2 1 3 4 1 4 1 2 2 5 5 4 1 5 3 3 3 2 4 3 3 2 5 1 1 4 4 1 5 4 1 1 2 3 3 3 2 2 4 5 2 1 4 2 4 5 1 2 4 3 4 3 4 1 4 1 4 4 4 3 2 2 4 4 2 5 2 5 5 4 1 4 1 1 3 4 4 5 5 2 2 3 4 3 3 5 1 3 3 4 4 4 5 4 2 5 4 5 3 2 1 4 5 2 4 2 4 4 4 2 5 5 220 4 4 3 5 5 5 3 3 4 1 1 2 5 1 5 5 3 2 1 3 1 1 1 3 3 5 4 3 5 4 1 5 5 1 5 4 3 2 5 1 104
5 2 4 2 4 5 1 3 4 3 5 3 2 2 1 2 3 5 1 4 4 3 2 3 2 2 2 1 1 2 3 4 3 5 4 2 1 3 4 2 4 3 2 2 1 4 5 2 3 3 3 1 3 5 2 1 3 2 5 4 2 4 3 5 2 1 4 3 4 2 4 3 5 3 1 4 3 4 1 1 3 4 5 4 3 2 1 5 3 5 3 2 5 4 3 4 1 2 1 4 3 4 4 1 4 1 1 4 3 5 3 1 4 3 4 3 5 3 5 3 5 4 2 3 2 5 3 1 1 1 3 3 1 4 1 1 3 3 5 5 4 2 2 1 2 5 2 5 3 4 4 4 2 1 3 4 2 5 5 4 220 4 3 5 1 3 5 1 3 1 3 3 2 4 5 4 1 2 1 5 5 4 4 5 2 5 2 4 2 3 4 4 5 5 1 1 3 2 5 5 251
4 1 5 3 5 1 3 2 4 4 2 4 1 1 2 4 3 4 5 4 2 3 2 3 1 3 2 2 3 5 2 4 2 5 3 4 5 5 4 5 2 2 3 1 1 1 1 4 3 5 1 4 3 2 1 2 2 2 1 4 1 1 3 3 2 1 2 1 1 4 1 3 1 5 1 5 1 3 1 1 5 3 3 5 4 3 5 5 5 3 2 2 4 2 3 3 1 4 2 4 3 2 4 1 1 2 5 2 5 5 5 3 2 1 2 1 4 4 4 2 3 1 3 2 5 5 2 2 3 2 5 4 4 3 3 1 3 3 3 4 2 3 2 1 4 3 2 5 4 3 4 5 4 2 3 5 3 1 1 1 3 220 5 5 2 2 4 2 1 4 3 2 5 5 2 2 2 3 2 2 3 3 4 3 5 1 2 5 4 2 2 2 1 5 5 3 2 4 3 2 262
5 3 4 4 2 3 3 5 2 5 3 1 1 2 5 1 3 3 1 1 2 4 4 1 3 4 4 3 2 5 5 3 4 3 5 3 3 1 4 5 5 5 2 4 1 2 2 5 4 4 1 2 4 3 5 4 1 1 1 2 2 2 1 4 5 3 1 2 2 2 4 5 2 1 2 3 1 2 4 3 5 5 4 5 3 4 2 4 5 2 1 3 4 4 3 2 4 3 4 2 5 3 4 4 2 5 4 5 4 5 1 3 4 1 4 5 4 5 5 1 1 1 3 3 1 4 3 3 1 1 1 5 2 2 5 3 5 3 1 3 1 4 3 4 5 3 5 4 2 2 4 5 2 5 2 5 2 4 1 4 5 5 220 5 1 3 1 3 1 3 5 1 5 4 1 3 2 5 3 5 5 5 5 1 4 3 2 2 2 4 3 5 1 3 3 5 3 3 2 4 116
3 4 4 4 4 1 1 5 1 4 1 3 4 2 3 4 4 1 4 4 1 3 5 2 1 5 5 3 2 2 3 3 5 2 3 4 3 1 2 1 3 4 5 5 3 4 1 2 4 3 4 3 1 2 2 5 1 2 5 2 2 2 1 5 4 2 1 1 2 4 3 5 3 5 3 1 2 5 4 3 1 2 2 2 3 2 4 2 4 5 3 1 4 4 2 3 4 3 1 3 5 2 4 5 2 4 4 5 1 4 5 4 5 2 3 1 5 1 1 5 4 4 3 1 1 1 3 5 1 5 1 4 2 2 4 4 3 2 5 2 3 5 4 1 2 3 2 4 5 5 1 3 1 3 2 3 5 4 1 5 3 2 3 220 4 5 2 4 2 5 4 5 4 2 4 1 2 5 1 3 4 5 2 4 4 3 1 4 1 4 5 3 2 3 1 5 2 5 4 1 242
3 2 3 5 5 5 1 2 3 2 4 2 5 1 5 2 5 1 3 5 3 2 4 4 3 3 5 2 1 5 1 2 3 5 5 1 2 2 3 1 1 4 3 4 3 4 1 4 4 1 4 1 1 4 1 5 2 2 5 3 2 5 3 3 1 4 3 2 4 5 3 5 1 5 2 1 5 1 5 4 5 1 1 1 5 1 2 3 4 3 1 1 3 3 5 1 2 1 3 2 2 4 4 2 3 1 5 3 2 5 1 4 5 2 2 5 2 1 1 3 1 1 5 4 2 5 2 5 2 1 2 3 5 4 4 4 4 4 4 1 5 2 2 2 1 3 1 5 2 3 1 1 1 2 2 3 2 3 2 3 5 2 1 2 220 2 1 3 5 5 4 2 2 4 1 2 4 5 3 1 3 1 3 3 5 1 4 4 4 5 3 4 3 3 4 3 5 3 5 1 212
2 4 1 2 3 3 2 5 3 5 4 5 5 5 5 5 2 5 5 3 4 5 4 5 3 5 5 3 5 5 5 4 4 4 2 4 4 1 5 3 1 5 1 3 1 4 2 3 4 1 4 4 1 5 3 5 4 2 1 5 1 2 1 2 4 3 4 3 4 5 3 2 2 4 2 3 1 4 4 4 3 1 4 1 4 2 4 2 1 4 1 5 1 4 3 1 2 3 4 3 5 4 4 3 3 2 5 3 5 2 4 2 3 1 1 2 2 5 5 4 2 5 1 1 4 2 2 4 2 2 3 1 1 3 3 4 5 3 1 1 5 4 4 1 5 1 3 1 1 1 5 4 2 4 5 1 5 3 2 1 5 3 4 3 5 220 4 1 3 5 2 1 2 5 4 2 5 1 5 5 2 3 1 4 2 5 5 4 3 4 5 4 1 2 2 3 2 4 5 5 157
5 5 1 3 5 1 5 1 1 4 4 2 2 3 4 5 5 5 5 5 4 2 2 4 3 4 4 5 5 2 4 1 3 5 3 1 4 4 1 1 4 2 3 2 4 4 4 2 3 1 1 2 5 4 1 4 4 1 5 3 5 4 2 3 5 5 5 4 1 2 2 2 4 3 2 5 5 4 4 1 5 1 5 1 1 3 5 5 4 1 5 4 2 2 4 3 4 3 4 1 4 5 2 4 4 3 4 3 3 4 4 2 5 4 1 5 2 4 5 5 3 5 5 5 4 3 2 1 2 2 3 1 2 1 4 3 1 3 4 1 5 5 5 4 1 3 1 2 4 4 5 4 1 2 2 5 2 1 3 2 1 2 1 2 2 1 220 4 1 1 4 3 1 1 4 1 2 4 1 5 4 3 3 5 5 3 3 1 4 5 4 5 1 2 5 5 3 4 1 3 211
2 4 5 4 3 3 1 5 5 2 4 1 1 4 5 2 1 3 3 5 4 3 4 5 4 5 5 5 3 3 1 5 3 5 2 2 3 1 1 4 5 4 5 2 4 1 2 1 2 4 1 3 3 1 2 4 5 4 5 4 4 3 4 3 2 5 5 1 3 5 1 4 5 2 2 3 3 5 4 1 1 4 5 1 5 5 1 2 5 2 2 2 3 2 5 1 2 4 3 4 2 3 3 3 5 4 5 3 1 3 1 2 2 2 2 5 1 5 3 4 4 4 5 3 2 3 1 5 2 4 3 1 4 5 3 5 1 5 5 5 1 1 3 1 2 5 3 1 5 2 4 5 3 3 5 2 3 3 3 3 5 1 2 5 1 2 1 220 2 3 5 1 3 3 4 2 4 5 2 4 5 5 1 3 3 2 1 4 5 4 2 2 3 5 5 4 5 5 3 5 166
1 5 1 1 1 5 3 5 4 1 1 3 2 3 5 5 1 5 4 2 2 5 4 4 5 4 5 3 1 4 2 3 2 2 4 1 2 5 1 2 5 2 3 5 3 1 3 3 2 3 2 4 3 2 4 4 1 1 5 2 1 1 3 4 3 4 2 4 5 5 3 2 4 4 5 3 2 1 1 2 2 4 4 1 5 4 4 1 3 4 4 4 2 5 3 2 5 4 1 3 1 4 3 2 1 3 1 5 2 3 3 3 2 3 3 4 5 1 3 3 2 1 1 2 4 5 5 1 2 5 5 1 5 2 3 3 2 3 4 2 5 5 2 2 3 2 5 2 5 1 4 1 1 3 3 1 5 4 4 5 5 1 5 5 2 3 5 5 220 2 3 3 3 5 1 1 5 2 3 2 1 4 5 1 3 5 1 3 5 2 1 2 2 2 5 1 3 5 3 3 155
5 2 4 2 4 2 4 3 4 2 3 2 5 5 2 2 3 3 2 4 2 3 1 5 4 1 1 5 5 2 4 4 1 5 3 1 1 4 2 5 5 4 1 1 2 5 1 1 2 1 3 3 2 3 1 5 5 3 3 2 3 1 1 4 5 4 3 4 3 3 1 5 5 1 1 5 1 5 5 1 4 2 1 2 3 3 1 2 1 4 3 1 3 1 4 2 5 3 3 5 4 5 1 2 2 5 3 3 1 3 4 3 5 5 1 4 4 5 2 5 2 4 2 3 1 1 1 1 4 4 4 3 2 5 2 4 3 2 1 2 1 3 3 5 3 1 3 4 4 3 2 2 2 4 2 3 1 3 2 2 2 5 1 1 3 2 4 4 1 220 3 4 1 5 1 2 3 1 1 2 3 3 3 1 2 3 3 3 2 2 2 3 1 2 4 1 1 5 1 5 235
1 4 2 4 5 1 3 3 5 3 5 5 4 2 1 3 2 5 1 5 1 1 3 4 5 2 3 2 1 1 4 1 3 1 2 3 2 5 2 3 5 5 4 4 4 3 3 1 4 1 2 2 4 5 2 5 1 5 3 2 3 1 1 2 4 5 1 3 4 3 1 4 3 2 4 2 4 5 2 3 4 4 2 2 4 1 2 3 1 1 1 3 4 3 2 1 5 2 5 2 5 5 4 4 5 4 4 2 1 4 5 2 5 3 2 5 3 4 3 1 4 1 3 4 1 5 5 2 2 2 3 5 3 4 5 3 2 3 1 4 5 4 1 1 2 2 2 1 4 1 4 3 4 3 1 4 4 1 5 2 4 5 4 1 1 5 2 1 1 2 220 3 1 4 5 5 3 5 1 4 4 2 4 1 5 3 3 4 5 4 2 5 1 2 2 3 3 5 1 4 277
1 1 5 5 5 2 1 5 5 3 2 2 1 5 3 4 5 5 5 1 2 2 4 2 2 1 3 2 2 5 3 3 5 3 2 4 3 1 3 5 1 5 3 4 3 3 3 3 4 3 3 3 4 3 2 5 3 1 3 2 5 2 3 1 3 3 1 1 4 2 1 3 4 4 1 1 3 2 1 5 1 1 3 4 2 4 4 3 4 5 5 3 5 1 3 4 3 3 1 5 4 1 3 2 2 2 3 3 3 3 2 5 2 1 1 5 4 3 1 3 5 2 2 1 1 3 1 1 4 2 5 3 5 1 1 3 5 4 5 3 5 2 3 3 1 4 4 5 1 3 2 5 1 3 5 1 4 4 5 5 4 5 2 4 4 5 1 2 4 3 5 220 2 1 3 2 1 2 4 2 1 2 2 2 4 2 4 5 3 3 1 1 4 2 4 4 5 5 5 5 225
4 4 4 4 3 1 2 5 1 4 1 2 4 4 4 5 2 4 2 3 2 5 4 1 1 2 4 5 5 5 4 4 1 3 4 5 1 2 5 2 4 1 5 4 1 4 2 1 1 4 2 3 4 4 3 2 2 2 4 4 4 1 1 2 5 2 1 2 2 4 1 4 5 5 5 1 2 5 3 3 5 5 2 2 4 5 5 1 5 1 1 2 2 3 3 2 2 4 5 5 1 2 5 3 3 1 1 2 4 4 4 5 2 3 5 5 3 5 5 1 5 5 3 5 2 5 4 4 3 1 5 5 4 1 2 3 5 5 2 4 1 3 2 1 1 5 5 1 4 2 5 1 4 1 5 1 3 2 2 5 2 2 1 4 2 4 5 2 2 2 4 5 220 3 4 3 3 4 1 2 4 3 2 3 2 5 2 2 2 4 3 4 3 5 1 2 2 5 2 5 286
5 5 5 5 2 1 1 2 2 2 5 2 2 3 1 4 5 5 5 1 1 3 1 4 4 2 3 3 3 2 1 5 3 5 2 2 3 5 3 1 4 4 5 3 2 1 3 1 1 4 5 1 1 3 3 4 1 4 2 3 1 4 1 5 3 4 1 1 2 1 4 1 2 3 2 5 5 5 1 1 3 5 2 1 4 5 5 2 5 2 1 2 5 4 3 1 3 2 5 2 1 4 3 2 2 5 1 2 1 4 2 4 5 3 1 4 5 4 4 1 3 1 1 2 1 4 3 4 5 1 3 3 1 1 5 4 1 5 4 4 2 2 3 2 1 5 5 3 1 2 4 2 5 4 2 5 5 1 1 1 5 1 3 3 1 5 4 4 3 4 4 4 4 220 2 1 4 1 1 2 1 2 2 2 5 3 2 1 1 3 4 1 2 4 3 1 3 3 2 3 291
3 3 4 5 4 4 1 4 4 4 2 5 4 5 3 5 4 4 4 1 4 5 5 2 3 3 5 3 3 3 1 2 4 5 4 1 4 3 3 1 1 4 5 4 5 4 1 4 1 5 1 2 2 1 4 4 4 2 5 4 5 4 1 4 2 2 1 4 2 3 2 4 4 4 5 3 3 5 3 1 5 1 4 1 3 5 4 4 5 4 5 1 5 5 3 3 5 3 2 1 2 2 5 3 5 1 4 4 1 4 1 2 4 1 1 4 2 5 5 2 2 3 4 4 5 4 3 5 4 3 4 5 1 1 4 3 1 5 5 5 5 4 4 2 3 4 3 2 2 5 3 4 1 5 1 2 4 2 5 4 2 1 5 1 2 3 1 2 4 5 2 1 4 2 220 3 2 1 4 5 3 4 4 2 2 1 5 1 3 2 4 3 1 4 4 5 3 2 4 4 157
5 5 3 1 2 5 1 1 2 4 4 4 4 5 4 2 1 2 5 2 5 2 3 1 4 2 1 2 3 1 5 3 1 3 5 5 2 3 4 1 2 1 3 2 5 2 1 5 2 3 2 2 5 3 2 5 5 5 3 5 2 5 2 1 1 3 3 3 2 5 5 1 2 5 2 4 4 2 2 3 3 2 3 3 1 3 1 5 4 3 1 3 4 1 5 1 2 2 4 4 1 5 3 4 1 1 4 3 2 3 1 3 5 5 4 4 5 2 4 2 5 4 4 2 5 4 4 4 5 4 3 1 3 1 5 3 2 2 2 5 4 5 1 4 4 4 1 1 2 1 1 2 4 5 2 2 5 4 3 2 2 1 3 5 3 2 5 3 4 4 4 5 4 2 2 220 3 5 5 2 5 2 1 4 3 1 5 1 1 5 5 3 1 4 2 3 2 4 1 1 134
2 4 4 5 2 4 5 4 3 2 5 2 4 2 4 5 3 2 4 3 5 4 4 2 2 1 2 5 5 3 4 4 1 2 2 5 3 1 3 1 5 5 1 4 5 4 1 4 1 4 2 3 5 3 4 4 5 2 5 4 2 5 4 3 5 5 5 5 1 3 3 4 2 5 4 2 1 5 5 3 1 1 3 1 3 4 4 2 3 2 4 1 1 4 1 3 1 2 2 1 5 1 5 5 4 3 5 1 1 4 2 3 3 1 2 3 2 5 2 5 3 4 1 2 2 5 3 4 1 5 1 3 5 2 3 5 1 2 5 3 5 2 4 2 2 3 3 2 4 5 4 5 5 4 3 1 2 2 2 3 4 1 4 3 2 5 3 3 2 5 3 2 5 5 3 5 220 1 3 4 2 4 4 4 5 3 2 1 5 1 3 3 2 4 3 1 1 1 4 2 189
4 4 2 3 4 4 5 5 4 1 1 2 1 3 5 1 3 4 1 5 4 3 4 1 5 2 5 4 2 5 4 1 1 2 5 1 3 1 1 5 4 1 2 1 2 1 3 2 5 3 2 3 1 1 4 3 1 4 2 3 4 4 1 1 5 5 2 4 1 3 3 1 2 2 1 2 5 4 3 2 4 1 2 2 4 3 2 5 3 3 1 2 3 3 1 5 5 3 1 1 3 1 4 2 5 1 2 4 3 1 2 5 2 5 5 1 4 2 5 2 5 2 4 5 3 1 1 4 1 4 5 2 3 5 1 3 2 5 3 1 2 4 4 1 5 2 1 1 4 3 5 1 5 5 4 1 2 3 5 3 2 1 1 5 4 3 4 1 1 2 1 5 5 1 4 2 4 220 2 2 2 4 1 4 1 3 5 2 5 5 2 4 5 4 5 4 3 1 2 2 193
4 3 3 1 1 2 4 5 2 2 3 1 4 2 2 4 1 1 5 2 5 5 3 5 1 3 5 3 5 5 4 1 4 2 5 2 1 4 2 4 5 2 2 5 2 3 4 2 2 3 1 4 5 5 3 4 1 1 3 4 2 4 1 1 4 4 4 3 3 1 2 2 1 3 4 4 5 1 1 2 2 5 4 1 3 3 4 3 2 4 2 4 3 5 4 2 1 1 2 3 2 4 2 4 4 4 3 5 2 3 4 3 5 1 1 5 1 4 1 2 4 1 5 3 5 1 3 4 2 2 3 3 3 2 2 1 3 5 4 5 5 3 3 4 1 3 2 3 3 2 1 2 3 5 3 1 2 3 4 1 1 1 4 4 3 4 5 3 5 1 3 1 3 4 4 1 4 2 220 1 3 1 4 5 4 5 1 4 5 3 3 4 1 5 1 3 1 4 3 5 257
4 1 5 3 4 3 3 1 4 1 3 3 3 4 4 5 2 5 5 2 1 5 2 3 3 3 4 3 3 3 1 5 2 2 2 2 4 1 5 4 3 5 1 2 3 5 4 5 1 3 4 2 3 2 3 5 5 5 2 2 4 2 4 1 1 5 5 4 5 5 1 3 3 4 5 5 4 2 1 1 1 1 4 3 5 1 1 2 3 1 5 4 5 4 2 4 5 1 1 4 4 3 3 3 1 4 2 5 2 2 1 3 1 1 3 4 5 2 3 2 4 2 5 1 3 4 1 1 2 1 4 1 5 3 1 2 4 1 1 4 5 3 2 4 2 1 3 2 2 3 5 3 5 5 3 3 4 1 1 1 1 2 5 2 4 4 5 5 4 3 5 4 2 3 3 5 2 3 2 220 5 4 3 2 3 1 3 4 2 4 1 2 1 5 5 5 5 2 3 1 248
5 1 1 1 1 3 3 5 5 1 1 5 4 4 1 2 1 2 5 1 3 5 5 2 2 3 3 5 2 2 1 1 3 5 1 5 1 1 1 4 4 4 4 1 2 4 3 2 2 2 2 4 4 3 4 3 4 3 5 4 4 2 5 2 5 5 4 5 2 3 5 3 1 5 4 3 3 2 3 4 1 3 3 5 4 5 2 2 5 1 3 5 3 4 1 5 3 4 5 2 2 2 3 5 2 4 1 5 3 5 2 3 5 2 3 3 3 1 1 2 3 1 1 1 1 2 4 5 5 3 5 4 4 2 5 5 5 3 1 3 4 5 2 3 1 1 3 5 5 5 3 2 2 4 1 4 3 2 2 2 3 2 2 1 5 3 3 5 4 2 3 2 3 1 4 5 2 2 5 5 220 3 2 3 4 5 1 1 1 5 4 5 4 2 1 1 4 4 3 2 196
1 3 5 1 1 3 3 4 1 3 2 1 3 1 1 5 3 2 2 1 5 1 4 2 2 4 1 4 3 2 4 1 1 4 2 4 4 3 4 4 1 4 3 5 2 2 1 1 4 3 1 4 1 4 1 4 5 1 1 5 2 5 2 5 3 1 5 4 2 5 2 5 2 3 1 5 1 3 4 1 1 3 5 4 3 1 4 4 5 1 4 2 3 5 1 2 2 5 5 4 2 3 2 4 5 1 3 1 2 4 2 5 2 3 3 1 1 1 4 3 3 5 1 4 3 1 4 1 4 3 1 5 2 3 1 3 4 2 2 5 2 1 3 2 1 4 2 4 4 2 4 3 4 3 1 5 5 2 2 1 3 4 5 1 2 2 4 4 5 5 3 2 2 3 5 3 4 4 3 4 2 220 1 4 1 5 3 4 4 3 5 4 2 5 3 3 1 2 2 1 213
1 1 4 4 4 3 2 1 3 1 2 1 5 2 2 2 4 5 1 3 4 1 1 1 1 1 4 5 5 4 4 2 5 5 2 3 5 5 4 1 3 2 1 1 2 5 4 2 4 5 3 3 5 5 5 3 4 3 3 5 1 3 4 3 3 5 2 3 1 2 5 5 3 1 5 3 4 4 3 5 1 4 5 5 1 3 1 4 2 3 1 1 3 4 4 4 3 4 1 2 4 2 2 1 1 2 3 5 2 5 3 5 4 1 5 4 3 4 3 4 3 5 5 2 3 5 5 1 1 2 4 1 5 5 2 5 4 4 4 2 5 2 1 5 2 4 3 1 2 3 5 4 1 3 2 3 5 5 5 2 5 1 2 3 4 5 1 2 1 2 2 2 1 3 4 4 3 2 5 5 4 3 220 5 3 2 2 2 1 2 2 5 2 2 3 1 5 3 1 5 298
2 1 4 3 3 1 1 1 4 1 2 1 2 2 4 2 3 4 2 4 1 4 1 5 5 5 5 4 5 2 5 3 3 4 3 2 2 2 2 1 5 2 5 1 3 1 3 4 1 5 2 5 4 2 5 4 5 4 2 4 3 2 5 1 4 1 3 1 3 4 5 4 2 1 1 5 3 1 5 2 4 3 2 4 5 4 4 2 4 1 4 1 5 3 3 5 2 4 3 5 3 2 4 4 1 2 1 2 3 1 4 2 2 1 4 4 2 4 4 3 4 5 3 1 4 2 5 2 1 3 1 2 2 5 1 3 5 1 1 4 4 1 5 4 5 2 4 4 4 4 2 4 1 1 5 2 1 1 3 1 5 4 3 1 2 1 1 3 1 4 4 4 4 2 5 1 4 3 5 3 2 4 1 220 2 5 5 5 2 4 3 3 4 3 2 3 1 4 4 2 124
1 4 3 4 5 4 1 2 4 4 5 5 4 1 4 5 2 2 2 2 2 5 5 3 1 4 3 1 2 5 4 5 1 3 1 4 1 1 1 5 5 4 1 2 4 5 4 4 5 4 2 1 2 2 1 3 4 3 2 1 4 5 1 4 5 5 3 3 4 3 1 5 3 2 5 1 1 4 1 4 4 5 3 4 4 2 1 1 4 2 1 1 2 5 2 4 4 2 3 3 3 2 4 4 2 3 5 2 4 5 1 5 4 3 1 2 3 4 3 4 3 1 1 4 4 1 2 3 5 3 4 4 3 4 3 1 3 1 3 2 2 4 5 2 4 5 4 5 3 4 1 2 2 3 3 3 3 2 1 2 1 5 3 3 5 5 1 5 1 5 2 2 5 2 4 1 1 5 1 4 2 1 2 2 220 4 3 2 1 3 3 5 4 4 4 3 4 2 4 4 147
4 2 3 1 1 1 3 5 1 4 4 5 4 1 2 2 3 5 5 5 2 2 3 2 1 4 3 5 3 3 5 3 1 2 5 2 5 4 5 5 2 1 1 2 4 5 1 3 3 1 1 4 1 1 1 3 3 5 2 4 4 5 3 3 5 4 2 4 1 3 4 1 4 4 1 3 3 1 1 2 5 2 1 2 1 3 2 3 4 4 4 5 4 4 5 2 4 3 3 3 3 3 3 2 5 4 2 2 4 4 1 2 2 2 3 2 1 2 5 1 2 2 4 1 4 4 2 5 3 1 4 5 5 3 3 4 1 2 1 2 2 3 4 4 5 1 1 2 5 2 5 1 1 1 1 4 5 5 1 4 4 3 2 3 2 1 1 3 2 1 1 5 1 4 3 3 1 3 1 5 5 5 5 4 2 220 3 2 2 2 5 5 4 5 4 4 5 2 1 2 213
2 1 3 4 4 4 4 3 2 3 1 1 4 3 4 2 5 1 2 5 4 3 3 5 1 1 1 4 1 2 2 3 3 2 5 5 3 4 3 2 3 5 1 5 2 5 4 3 2 5 2 5 4 4 1 3 1 5 4 5 4 1 5 2 3 2 5 2 1 4 1 2 4 5 1 5 1 4 4 2 5 3 1 4 2 5 3 5 4 1 1 1 5 1 2 5 5 1 2 2 5 4 3 2 4 2 2 4 5 3 2 4 2 1 1 5 2 4 3 4 2 3 5 5 5 4 5 4 4 5 3 4 4 3 5 2 3 2 5 4 5 1 2 1 2 4 1 4 3 3 4 2 5 1 2 1 4 3 1 3 1 3 5 2 1 5 2 3 5 2 5 3 4 5 2 5 5 1 3 5 5 5 5 5 1 2 220 1 5 2 2 2 1 2 4 1 3 3 4 4 154
4 4 3 5 4 3 5 3 1 5 3 3 3 1 3 4 1 4 4 3 2 1 2 3 4 2 3 2 1 5 3 5 1 3 2 1 3 2 1 1 1 3 3 5 4 5 5 4 2 5 5 4 5 4 4 1 5 1 3 4 1 4 5 1 3 3 2 3 5 4 1 1 5 4 5 3 2 5 3 4 2 1 3 3 3 3 4 2 3 1 5 5 1 3 3 4 5 1 1 2 2 4 4 5 3 5 1 1 5 3 5 2 4 4 5 1 3 5 3 4 1 4 5 5 1 5 5 4 1 1 5 5 1 1 1 1 5 1 3 4 2 3 4 1 1 3 2 2 1 5 2 1 5 3 3 3 2 1 2 3 5 1 4 2 2 5 2 5 1 3 2 1 5 4 4 4 5 2 2 4 2 3 1 5 4 1 4 220 5 3 3 4 1 3 4 4 1 2 3 2 254
4 5 3 5 4 4 5 4 2 3 3 4 4 1 1 2 2 1 1 5 4 1 4 5 3 4 3 1 3 2 4 2 1 5 5 5 3 4 4 2 5 2 3 2 3 4 3 5 5 3 5 1 4 4 5 5 5 2 5 1 4 2 3 3 2 4 5 4 3 1 1 2 2 5 4 5 1 2 5 5 1 3 3 3 2 3 2 5 5 5 5 1 2 4 1 2 2 3 2 4 3 5 4 3 3 2 5 3 1 5 4 2 2 5 3 4 4 1 3 5 5 4 4 4 2 2 2 3 3 3 2 3 1 1 4 4 1 2 5 2 4 3 3 1 2 1 2 2 1 4 3 5 1 4 5 1 2 1 1 3 5 5 3 4 1 3 2 1 1 2 3 2 1 4 4 4 5 3 3 4 3 4 4 2 2 1 1 5 220 2 2 3 3 4 2 4 1 5 3 5 114
2 1 2 4 3 2 1 3 5 3 5 3 3 3 1 1 5 1 1 3 5 3 4 2 5 1 3 4 4 4 2 2 2 2 5 1 1 4 4 5 2 4 3 1 4 4 1 5 4 4 5 4 5 5 5 3 4 2 2 1 2 3 4 1 4 2 3 3 4 2 1 3 4 5 5 3 1 3 5 1 1 1 4 3 3 5 2 5 1 5 2 1 4 1 3 1 2 1 5 2 1 1 1 5 2 2 5 2 4 5 3 1 5 4 5 5 4 3 2 4 5 2 1 4 2 2 1 1 2 1 3 4 5 5 4 3 4 1 2 1 3 2 1 1 5 1 2 1 3 5 3 1 5 1 2 4 1 4 1 2 4 4 4 5 4 5 5 3 5 4 2 3 5 5 4 1 5 4 3 1 2 2 3 3 3 4 5 3 3 220 5 1 4 2 5 1 3 1 3 2 293
2 2 3 3 5 5 3 1 1 3 2 3 2 3 4 2 3 3 4 2 4 1 1 2 1 5 2 2 4 1 5 1 3 1 5 5 3 4 5 5 4 5 1 1 4 1 5 2 3 3 1 1 1 3 2 3 5 4 1 1 4 5 4 4 2 5 4 5 2 4 5 1 5 5 1 2 1 5 5 4 3 1 2 5 4 2 3 5 3 4 2 3 4 3 3 5 2 5 2 3 1 4 3 5 1 5 5 1 2 3 1 2 1 4 4 5 1 2 2 3 2 5 3 3 4 1 4 3 3 1 5 5 3 5 1 1 4 5 3 3 3 3 4 1 1 2 5 5 3 1 2 4 2 5 4 5 1 2 2 2 3 1 2 4 1 3 4 1 2 4 2 4 4 5 2 1 5 3 4 5 5 4 3 5 3 5 4 1 3 1 220 4 3 1 1 4 4 3 5 4 188
1 4 2 5 5 2 2 2 4 5 5 5 2 2 2 4 4 2 2 5 2 3 5 2 3 4 1 2 2 1 2 5 3 1 3 5 5 4 2 4 4 2 2 4 1 1 4 3 4 2 4 3 3 5 2 5 5 3 2 5 5 5 3 2 2 4 4 2 1 2 3 1 5 1 1 4 3 5 1 1 5 2 4 1 4 5 3 4 2 5 5 1 2 1 1 3 2 4 4 4 2 2 5 3 1 4 2 4 3 2 3 2 3 4 1 5 1 1 1 3 2 3 1 1 4 2 5 2 2 2 4 1 5 4 5 1 3 2 5 1 4 5 3 1 2 4 3 2 3 5 5 1 5 1 3 1 2 3 4 2 1 2 1 4 4 5 3 2 3 2 5 1 2 2 1 5 5 2 4 4 1 1 5 1 3 1 1 5 5 4 5 220 5 5 3 2 2 5 4 1 174
5 5 2 2 5 3 1 2 2 5 4 4 5 5 1 3 4 2 4 5 4 1 1 4 4 1 1 4 4 2 4 2 5 3 2 3 4 4 1 3 1 4 2 5 1 4 1 3 4 4 1 5 4 5 3 5 4 2 4 5 2 2 4 4 5 1 1 4 1 2 1 2 5 2 2 5 4 3 5 1 1 5 4 5 1 5 2 4 3 4 4 5 3 3 2 5 1 5 5 4 3 4 4 5 2 3 1 4 2 4 5 3 5 3 2 3 5 1 1 5 3 4 5 4 5 3 1 1 1 1 1 4 3 4 2 4 5 3 4 4 2 3 5 2 4 5 1 1 4 3 5 4 1 2 5 4 4 2 3 3 4 3 4 1 1 4 1 2 1 5 3 2 5 4 5 5 2 5 5 5 1 1 1 4 1 2 3 5 3 4 3 2 220 3 3 5 1 4 2 4 187
4 3 5 2 3 1 3 4 1 5 2 3 4 3 2 4 4 4 4 5 1 5 3 1 2 1 1 1 2 4 4 5 2 3 5 5 3 4 1 2 3 5 1 2 3 1 2 3 2 3 1 5 2 3 4 1 5 2 3 5 1 3 3 4 1 3 5 1 2 2 2 4 5 3 3 1 1 3 1 5 4 4 1 1 2 1 5 5 2 5 2 2 1 5 3 4 2 3 3 2 1 2 2 4 4 5 5 2 1 5 3 2 3 5 3 3 2 5 4 5 2 2 5 4 1 2 4 4 2 2 2 1 3 5 3 3 5 2 2 2 2 2 3 1 3 3 4 2 3 2 5 2 2 1 2 5 1 4 4 5 2 4 4 5 2 4 5 4 2 3 5 5 3 3 3 4 3 1 2 3 5 5 2 5 1 2 5 4 5 1 2 5 1 220 3 3 4 5 5 5 190
5 5 1 1 1 5 3 4 1 4 1 2 4 4 3 4 5 4 3 3 3 4 5 3 3 4 4 4 1 2 3 1 2 3 3 3 5 1 4 4 2 4 2 1 1 2 3 4 1 3 1 3 3 3 2 1 2 4 2 4 2 2 1 1 4 4 5 5 1 3 5 5 2 4 1 1 3 1 5 1 2 4 3 3 3 2 5 1 4 5 3 1 1 1 4 2 3 1 2 5 4 1 5 1 1 5 2 2 4 1 5 4 4 4 3 5 2 2 1 3 2 3 5 4 5 1 3 3 2 3 4 1 5 2 3 2 3 4 5 2 3 1 4 1 3 5 4 5 1 4 5 3 2 4 5 4 2 1 5 1 1 5 5 2 2 4 2 3 3 5 5 4 4 1 1 5 2 1 2 4 4 3 1 5 3 3 4 5 2 2 2 3 3 1 220 1 2 2 4 3 288
4 1 5 2 4 2 1 4 1 5 1 2 5 5 1 4 2 5 2 1 3 4 3 5 2 2 4 4 2 3 3 2 1 3 2 2 2 1 4 4 5 2 2 3 3 4 5 5 4 3 5 4 3 4 2 3 3 2 4 2 4 5 4 2 3 2 3 2 3 4 5 1 3 3 1 2 1 3 1 1 3 4 1 3 4 1 2 1 1 1 2 1 4 1 1 5 3 1 4 3 1 2 1 5 5 3 2 2 2 2 4 2 1 1 3 1 4 1 4 1 2 4 1 4 1 1 4 3 3 1 4 1 3 3 4 3 1 3 3 5 2 5 5 1 2 1 5 3 3 1 3 3 4 1 4 5 3 2 2 1 3 3 5 1 3 1 4 1 4 5 3 4 5 4 4 2 2 5 5 2 3 4 2 1 3 2 4 4 1 3 3 5 2 2 2 220 4 4 2 2 130
2 3 2 5 2 4 1 5 3 1 2 5 3 2 4 5 4 4 1 1 1 2 3 3 5 3 5 1 3 5 3 5 3 1 4 3 1 3 5 1 4 4 2 5 3 3 2 4 4 2 5 3 5 3 5 5 3 3 4 3 1 1 4 3 1 1 1 5 3 2 2 3 5 5 4 1 2 2 1 2 1 3 3 4 2 1 2 3 1 3 4 1 4 1 4 1 5 1 2 1 2 5 1 4 2 1 4 1 1 2 3 1 5 4 4 2 2 3 1 2 5 5 2 2 2 5 5 2 3 3 5 5 3 1 5 4 2 3 5 2 1 1 1 4 2 5 5 2 1 3 5 4 4 4 5 5 3 2 1 2 4 5 3 5 1 5 5 2 2 3 1 4 2 2 3 5 4 1 3 1 3 1 4 2 3 4 2 5 5 2 1 4 5 4 4 2 220 5 2 4 205
4 3 4 5 3 4 4 2 3 4 3 3 5 3 3 4 2 1 4 4 4 1 2 3 3 3 4 2 2 1 5 4 1 3 5 5 5 2 4 4 1 1 5 5 3 5 4 4 1 1 5 3 4 2 5 1 5 4 1 4 3 3 4 5 5 4 2 2 2 1 3 5 5 4 5 2 2 5 4 1 1 1 2 1 4 1 1 2 1 3 4 4 3 4 5 1 2 4 3 2 1 1 2 5 4 3 4 2 4 3 1 4 1 5 2 2 5 3 3 5 1 4 1 2 3 5 1 2 4 1 5 2 2 3 1 3 4 5 1 2 3 4 1 1 1 4 5 2 3 1 3 3 1 2 4 1 1 5 4 1 4 2 1 1 2 1 1 3 3 3 2 3 5 3 2 1 3 4 1 3 5 1 2 1 4 4 3 5 2 4 2 3 5 5 4 3 2 220 4 3 121
4 2 2 2 3 3 1 5 1 1 2 2 5 2 4 1 1 1 1 5 5 5 1 4 3 3 1 4 1 1 5 5 1 3 3 5 1 5 3 2 3 3 3 2 1 3 1 5 4 1 1 3 4 4 4 2 2 1 3 2 5 1 3 4 2 2 1 5 5 3 1 2 5 1 2 5 1 2 2 3 4 3 5 2 2 3 4 1 4 4 1 2 5 1 2 3 5 2 2 5 1 3 4 4 4 1 1 3 1 3 1 5 3 4 2 5 5 3 1 2 2 3 4 2 4 2 2 3 2 1 2 2 4 5 5 4 5 2 2 3 4 2 5 4 4 4 3 3 3 1 1 4 5 5 4 2 5 4 2 4 3 2 4 2 3 2 1 5 5 1 4 4 4 3 5 2 5 5 5 5 3 4 3 2 2 4 2 1 3 3 5 2 1 3 4 5 3 3 220 1 121
2 2 4 1 3 5 1 1 2 3 5 2 4 4 1 1 3 1 3 5 4 3 4 5 1 1 5 1 4 5 3 5 3 1 1 2 3 2 1 4 3 4 5 5 3 2 3 1 5 1 2 4 5 1 4 2 2 1 3 3 3 3 2 2 3 3 2 5 1 3 2 1 3 1 1 4 2 4 5 3 1 5 5 1 3 4 1 1 5 5 3 5 4 5 2 2 1 3 4 1 1 3 1 3 5 2 5 3 4 3 4 2 1 5 3 2 1 5 3 4 3 4 4 1 1 1 1 4 3 5 4 1 5 5 1 3 2 4 2 4 5 5 4 1 4 1 4 4 3 3 2 5 1 3 3 4 5 4 5 2 3 4 5 4 2 5 5 1 2 5 5 3 2 3 1 3 5 2 4 3 5 5 4 3 5 5 2 2 5 3 1 4 2 2 4 2 1 3 5 220 153
